,bins,mags
0,0.03227776123901156,812.9411957991456
1,0.06455552247802313,650.3071937077974
2,0.09683328371703469,256.66115921584594
3,0.12911104495604625,1024.0077558132778
4,0.1613888061950578,2782.595751219213
5,0.19366656743406938,2666.198693630763
6,0.22594432867308095,4739.739400888944
7,0.2582220899120925,12311.03639583303
8,0.29049985115110405,1445.108607554773
9,0.3227776123901156,1132.5132131536025
10,0.3550553736291272,920.4104758598797
11,0.38733313486813875,752.9549654092567
12,0.4196108961071503,245.52060836001084
13,0.4518886573461619,952.1403052574755
14,0.48416641858517345,2066.5840202138784
15,0.516444179824185,991.7844109120448
16,0.5487219410631966,770.7757833361832
17,0.5809997023022081,497.6832842198645
18,0.6132774635412197,182.19071949788108
19,0.6455552247802312,294.91383178682173
20,0.6778329860192428,641.990841743556
21,0.7101107472582544,757.9166681786165
22,0.7423885084972659,869.6735643869383
23,0.7746662697362775,137.44359175101383
24,0.8069440309752891,91.03248147060135
25,0.8392217922143006,372.8012045541772
26,0.8714995534533122,204.14553189376903
27,0.9037773146923238,268.5833872374963
28,0.9360550759313353,528.5928491654129
29,0.9683328371703469,150.3492576697727
30,1.0006105984093585,453.1176017536192
31,1.03288835964837,401.45344677734147
32,1.0651661208873815,248.01017883457396
33,1.0974438821263932,353.11603511787587
34,1.1297216433654047,106.98995707035898
35,1.1619994046044162,352.6136370794123
36,1.194277165843428,416.98216223545387
37,1.2265549270824394,172.8351239349268
38,1.258832688321451,126.51043999351482
39,1.2911104495604624,94.2996065152876
40,1.323388210799474,49.75860583083023
41,1.3556659720384856,156.15901470589472
42,1.387943733277497,209.9633320196589
43,1.4202214945165088,107.96932715492495
44,1.4524992557555203,78.38513663721814
45,1.4847770169945318,95.7057363413551
46,1.5170547782335435,186.7128957609619
47,1.549332539472555,268.7765302894959
48,1.5816103007115665,154.17623069658222
49,1.6138880619505782,268.5333805266848
50,1.6461658231895897,135.08143805538955
51,1.6784435844286012,46.92680811198022
52,1.710721345667613,40.426104174805126
53,1.7429991069066244,32.479147690844826
54,1.775276868145636,29.171143045734176
55,1.8075546293846476,145.30545818291455
56,1.839832390623659,188.39135216924691
57,1.8721101518626706,46.2683612380765
58,1.904387913101682,139.9221008309673
59,1.9366656743406938,37.402542262991744
60,1.9689434355797053,165.67421411918386
61,2.001221196818717,254.02302092180562
62,2.0334989580577285,90.96230632684708
63,2.06577671929674,157.66679667457265
64,2.0980544805357515,188.74306895547247
65,2.130332241774763,105.09718261078157
66,2.1626100030137745,190.22702941880377
67,2.1948877642527864,148.38633284792144
68,2.227165525491798,35.23838060449251
69,2.2594432867308094,19.292999317443403
70,2.291721047969821,90.71632852813043
71,2.3239988092088324,110.90342372992014
72,2.356276570447844,63.919838695723875
73,2.388554331686856,176.15172499535294
74,2.4208320929258673,50.03751667596144
75,2.453109854164879,183.20406990956235
76,2.4853876154038903,136.9371264655756
77,2.517665376642902,88.945801048157
78,2.5499431378819133,5.076285974432459
79,2.582220899120925,111.61698415607549
80,2.6144986603599367,36.92498371177956
81,2.646776421598948,149.31720656368645
82,2.6790541828379597,30.755602291520702
83,2.711331944076971,83.33126824631377
84,2.7436097053159827,33.467618100707945
85,2.775887466554994,79.7094040907913
86,2.808165227794006,125.0621441953413
87,2.8404429890330176,117.36518641185452
88,2.872720750272029,111.48124789491291
89,2.9049985115110406,106.83787160670414
90,2.937276272750052,164.7084052957759
91,2.9695540339890636,101.73084919656097
92,3.0018317952280755,75.62119328547121
93,3.034109556467087,16.42430864759603
94,3.0663873177060985,21.957648822380964
95,3.09866507894511,68.87129127016254
96,3.1309428401841215,51.47484838765448
97,3.163220601423133,58.73356171384832
98,3.1954983626621445,61.29041849839134
99,3.2277761239011564,47.78400768918094
100,3.260053885140168,73.32451788516448
101,3.2923316463791794,71.09975071869412
102,3.324609407618191,93.2703214264153
103,3.3568871688572024,62.34204788275999
104,3.389164930096214,75.68123857214735
105,3.421442691335226,40.213389499205114
106,3.4537204525742373,50.87658522268514
107,3.485998213813249,29.14281970948241
108,3.5182759750522603,67.37299324571882
109,3.550553736291272,19.713163347419595
110,3.5828314975302833,18.494259216136147
111,3.6151092587692952,30.11679881024729
112,3.6473870200083067,81.08699175164485
113,3.679664781247318,37.798867725529405
114,3.7119425424863297,45.9973373299237
115,3.744220303725341,87.27465979309622
116,3.7764980649643527,67.76655976634943
117,3.808775826203364,80.10942058397778
118,3.841053587442376,36.846945250408886
119,3.8733313486813876,49.677711580302194
120,3.905609109920399,83.69749041536923
121,3.9378868711594106,61.976734731933284
122,3.970164632398422,12.968536432649891
123,4.002442393637434,35.494005538432006
124,4.034720154876445,66.78423946197113
125,4.066997916115457,19.514595326383862
126,4.099275677354468,85.8887617726788
127,4.13155343859348,69.0347227167214
128,4.163831199832492,40.72233913181272
129,4.196108961071503,18.85292927088139
130,4.228386722310515,59.354517286910415
131,4.260664483549526,37.64508568803063
132,4.292942244788538,58.75558562219046
133,4.325220006027549,39.660728106435144
134,4.357497767266561,33.095862274535804
135,4.389775528505573,72.03131234579786
136,4.422053289744584,5.817592382463518
137,4.454331050983596,57.42519282398276
138,4.486608812222607,49.50695220910172
139,4.518886573461619,16.874412893883882
140,4.551164334700631,46.61383075582506
141,4.583442095939642,44.372184597682235
142,4.615719857178654,69.20804352991881
143,4.647997618417665,44.04283094218197
144,4.680275379656677,15.550623428816891
145,4.712553140895688,79.10942405911005
146,4.7448309021347,57.49990209477086
147,4.777108663373712,37.4256444763148
148,4.809386424612723,69.78470426240831
149,4.841664185851735,50.92346282754264
150,4.873941947090746,24.80734143121767
151,4.906219708329758,13.324588795788252
152,4.938497469568769,46.51652550736843
153,4.970775230807781,15.9191525512078
154,5.0030529920467925,31.40002781192947
155,5.035330753285804,57.311078983447835
156,5.0676085145248155,46.30995385301824
157,5.099886275763827,53.28459933653228
158,5.1321640370028385,17.150018539257204
159,5.16444179824185,24.661563349449136
160,5.1967195594808615,75.65632403545514
161,5.228997320719873,14.507577870631081
162,5.2612750819588845,20.073841886117144
163,5.293552843197896,16.641244588901248
164,5.3258306044369075,36.39601097130036
165,5.358108365675919,20.722490350426902
166,5.390386126914931,11.138657219224505
167,5.422663888153942,34.71650411720163
168,5.454941649392954,30.57077367424621
169,5.487219410631965,15.154833501983857
170,5.519497171870977,70.43849900936084
171,5.551774933109988,38.99949498653536
172,5.584052694349,30.73524592929219
173,5.616330455588012,24.903256961761567
174,5.648608216827023,44.41626874832084
175,5.680885978066035,53.47958701164385
176,5.713163739305046,31.395211361143
177,5.745441500544058,45.89712967586038
178,5.777719261783069,18.152051618979666
179,5.809997023022081,23.59128390909763
180,5.842274784261093,39.72333507201165
181,5.874552545500104,11.896620648595544
182,5.906830306739116,51.1657950129719
183,5.939108067978127,28.867708488564855
184,5.971385829217139,34.4074539145081
185,6.003663590456151,28.961288180913836
186,6.035941351695162,42.98857841768273
187,6.068219112934174,33.37783789742193
188,6.100496874173185,34.79149527421393
189,6.132774635412197,38.88320161782411
190,6.165052396651208,39.65456626860222
191,6.19733015789022,8.205184839490254
192,6.229607919129232,27.31841779704286
193,6.261885680368243,12.10167604682647
194,6.294163441607255,34.205059497461804
195,6.326441202846266,16.442665246912913
196,6.358718964085278,44.86980302936459
197,6.390996725324289,39.53217272066504
198,6.423274486563301,19.621994109316784
199,6.455552247802313,33.434100325579
200,6.487830009041324,26.535152810359296
201,6.520107770280336,11.54988504625274
202,6.552385531519347,14.786875288190235
203,6.584663292758359,38.68311144152147
204,6.616941053997371,32.046475649672814
205,6.649218815236382,17.18996375140952
206,6.681496576475394,11.427212765625413
207,6.713774337714405,18.891922840029892
208,6.746052098953417,35.95929795683519
209,6.778329860192428,27.685671161921213
210,6.81060762143144,23.935840657382336
211,6.842885382670452,54.589299153441814
212,6.875163143909463,25.115440224118625
213,6.907440905148475,25.310765440715333
214,6.939718666387486,12.42063934526663
215,6.971996427626498,16.30648431120161
216,7.004274188865509,29.545744590553166
217,7.036551950104521,15.746428929302946
218,7.0688297113435326,42.91926407176636
219,7.101107472582544,20.704081990770597
220,7.1333852338215555,17.81649839113267
221,7.165662995060567,10.314509783846143
222,7.1979407562995785,28.495477936866966
223,7.2302185175385905,14.123791196455922
224,7.2624962787776015,7.305648743111577
225,7.2947740400166134,25.451002016720263
226,7.3270518012556245,26.5337145585008
227,7.359329562494636,5.764409112661494
228,7.3916073237336475,14.931356331298714
229,7.423885084972659,12.611337824750795
230,7.456162846211671,41.67817084588733
231,7.488440607450682,22.932886457081384
232,7.520718368689694,30.355357801442203
233,7.552996129928705,44.24472553758463
234,7.585273891167717,22.040248802132044
235,7.617551652406728,8.432304294452747
236,7.64982941364574,18.69795616577278
237,7.682107174884752,31.56086215634305
238,7.714384936123763,16.31228982519785
239,7.746662697362775,17.98225361973904
240,7.778940458601786,15.024087517826377
241,7.811218219840798,15.079813581834463
242,7.843495981079809,25.946289093779896
243,7.875773742318821,10.565941695971585
244,7.908051503557833,35.45554913897951
245,7.940329264796844,26.846739116061404
246,7.972607026035856,9.257143855644449
247,8.004884787274868,30.275536105274483
248,8.037162548513878,33.460055795797395
249,8.06944030975289,10.302074179795648
250,8.101718070991902,13.293235916872224
251,8.133995832230914,18.034674548527807
252,8.166273593469926,19.51852376543936
253,8.198551354708936,16.967476848700443
254,8.230829115947948,10.50858955724939
255,8.26310687718696,13.993327212507182
256,8.295384638425972,19.526017575137036
257,8.327662399664984,9.891374353100918
258,8.359940160903994,23.693763339556817
259,8.392217922143006,41.86094774645322
260,8.424495683382018,15.481948396404059
261,8.45677344462103,14.76096831840093
262,8.489051205860042,23.049108859838412
263,8.521328967099052,14.70297217584238
264,8.553606728338064,19.717433956241887
265,8.585884489577076,18.998686262209045
266,8.618162250816088,24.750210169551263
267,8.650440012055098,24.90655140309172
268,8.68271777329411,7.566672857273957
269,8.714995534533122,33.029069417179606
270,8.747273295772134,26.90096639812119
271,8.779551057011146,15.424397059337695
272,8.811828818250156,27.604285166928367
273,8.844106579489168,32.532396962281716
274,8.87638434072818,16.65765029705813
275,8.908662101967192,8.996251798874777
276,8.940939863206204,9.501770725286848
277,8.973217624445214,23.38852071981965
278,9.005495385684226,18.917777726075222
279,9.037773146923238,2.559817492802747
280,9.07005090816225,18.381056878978864
281,9.102328669401262,20.66667958288604
282,9.134606430640272,15.984578439384784
283,9.166884191879284,17.603038689992964
284,9.199161953118296,30.13009802201032
285,9.231439714357307,15.916304827541543
286,9.263717475596318,10.28500360870144
287,9.29599523683533,26.77378219348004
288,9.328272998074342,24.271108732815975
289,9.360550759313353,8.315407920496112
290,9.392828520552365,6.78557880875637
291,9.425106281791376,20.722855863120067
292,9.457384043030387,23.796709239745333
293,9.4896618042694,24.08728706445273
294,9.521939565508411,7.759405646388325
295,9.554217326747423,20.515364105005983
296,9.586495087986433,20.103877385639585
297,9.618772849225445,5.167480056360461
298,9.651050610464457,8.760578985304262
299,9.68332837170347,31.680196768649775
300,9.715606132942481,9.775856170954567
301,9.747883894181491,9.421439095937894
302,9.780161655420503,26.212661320324415
303,9.812439416659515,19.76758907752825
304,9.844717177898527,19.565851879886026
305,9.876994939137537,8.8428827817841
306,9.90927270037655,21.99052961649258
307,9.941550461615561,26.158868508467737
308,9.973828222854573,8.783417659523009
309,10.006105984093585,13.86448189756712
310,10.038383745332595,21.424295927622424
311,10.070661506571607,15.961282574843466
312,10.10293926781062,13.012509017562193
313,10.135217029049631,18.944894028959666
314,10.167494790288643,16.928246257570752
315,10.199772551527653,15.213267065429925
316,10.232050312766665,4.9171316240055765
317,10.264328074005677,29.696296496708232
318,10.296605835244689,23.140822283635032
319,10.3288835964837,10.248263481645827
320,10.361161357722711,7.001322549344372
321,10.393439118961723,27.90836803763029
322,10.425716880200735,14.451625961487624
323,10.457994641439747,9.070835598823876
324,10.490272402678757,24.058440235502246
325,10.522550163917769,15.381986065049356
326,10.554827925156781,1.5423315461334912
327,10.587105686395793,13.054815751193313
328,10.619383447634805,12.543713779836347
329,10.651661208873815,24.101744853088103
330,10.683938970112827,13.7177852578419
331,10.716216731351839,17.704954084597013
332,10.74849449259085,24.230070337015253
333,10.780772253829863,24.494823120490338
334,10.813050015068873,6.149443438600976
335,10.845327776307885,21.46470087206496
336,10.877605537546897,15.58740225046794
337,10.909883298785909,5.679500411168743
338,10.942161060024919,14.127739035005417
339,10.97443882126393,23.353005404983247
340,11.006716582502943,6.1330503468468915
341,11.038994343741955,8.087581331115377
342,11.071272104980967,14.846716167789483
343,11.103549866219977,22.563569527731765
344,11.135827627458989,23.077238662472286
345,11.168105388698,10.633850888849238
346,11.200383149937013,24.46165916162615
347,11.232660911176024,21.493679067133616
348,11.264938672415035,7.934597772547126
349,11.297216433654047,10.309766469947412
350,11.329494194893059,11.803063556344414
351,11.36177195613207,10.569035300265183
352,11.394049717371082,6.371230691489479
353,11.426327478610093,21.990978577670813
354,11.458605239849105,21.00117134054589
355,11.490883001088116,17.07804387654977
356,11.523160762327128,8.072113450658469
357,11.555438523566139,23.73865507865431
358,11.58771628480515,23.20414725092546
359,11.619994046044162,12.190357543811144
360,11.652271807283174,9.947839352621372
361,11.684549568522186,21.79159633506593
362,11.716827329761196,7.376843494735321
363,11.749105091000208,3.180018084243158
364,11.78138285223922,9.291933323634119
365,11.813660613478232,10.726312036730548
366,11.845938374717244,14.037813051536343
367,11.878216135956254,4.0388973420291885
368,11.910493897195266,18.195171022725493
369,11.942771658434278,23.980243194067214
370,11.97504941967329,5.482336868132028
371,12.007327180912302,17.48628768198384
372,12.039604942151312,21.604971203518808
373,12.071882703390324,15.007519030937841
374,12.104160464629336,1.288922305169778
375,12.136438225868348,8.951499535246235
376,12.168715987107358,14.120076817972878
377,12.20099374834637,9.610249183941933
378,12.233271509585382,1.7114044426284145
379,12.265549270824394,19.66849075056835
380,12.297827032063406,15.294605540303307
381,12.330104793302416,13.865776152132746
382,12.362382554541428,8.517125309406994
383,12.39466031578044,23.299194419721342
384,12.426938077019452,16.89211735153109
385,12.459215838258464,6.951818989764835
386,12.491493599497474,14.257161594164396
387,12.523771360736486,18.008691600579304
388,12.556049121975498,10.46623734165183
389,12.58832688321451,7.780182409193291
390,12.620604644453522,9.933424876896549
391,12.652882405692532,22.505059952411333
392,12.685160166931544,6.518223234780407
393,12.717437928170556,10.581085267421498
394,12.749715689409568,19.068721126059778
395,12.781993450648578,19.892449749356256
396,12.81427121188759,4.578379403298962
397,12.846548973126602,15.947805654290864
398,12.878826734365614,18.06428593197091
399,12.911104495604626,9.409852490136814
400,12.943382256843636,7.21239398700405
401,12.975660018082648,15.521107453235697
402,13.00793777932166,12.422168301962728
403,13.040215540560672,13.533076870219046
404,13.072493301799684,9.234996412304621
405,13.104771063038694,20.6820625620644
406,13.137048824277706,19.602642856878397
407,13.169326585516718,10.155072549859048
408,13.20160434675573,19.35656496417633
409,13.233882107994742,23.32241089410982
410,13.266159869233752,6.365936643513758
411,13.298437630472764,4.140046026739908
412,13.330715391711776,16.896505517851796
413,13.362993152950787,14.056695433334259
414,13.395270914189798,4.9508479405402115
415,13.42754867542881,10.102757242132933
416,13.459826436667822,14.767815534057053
417,13.492104197906833,17.707456283455986
418,13.524381959145845,4.277714156543979
419,13.556659720384856,18.26236564975568
420,13.588937481623867,20.847762802063
421,13.62121524286288,9.920101862248286
422,13.653493004101891,14.013787715964895
423,13.685770765340903,14.477441679131122
424,13.718048526579913,6.5900580422426005
425,13.750326287818925,5.850472438653668
426,13.782604049057937,8.521798387334764
427,13.81488181029695,15.53542270468229
428,13.847159571535961,10.573540014508296
429,13.879437332774971,7.382659225201419
430,13.911715094013983,16.734732087163174
431,13.943992855252995,15.821564273836536
432,13.976270616492007,8.277258353282901
433,14.008548377731017,7.53287116583716
434,14.04082613897003,21.441866264282847
435,14.073103900209041,16.875075111151
436,14.105381661448053,4.018575780285275
437,14.137659422687065,7.435566504340716
438,14.169937183926075,10.028677872363028
439,14.202214945165087,9.296651311053445
440,14.2344927064041,3.915825162231267
441,14.266770467643111,13.69473650000011
442,14.299048228882123,19.17798525378663
443,14.331325990121133,16.03735160918033
444,14.363603751360145,10.672486779805917
445,14.395881512599157,19.153150443974194
446,14.428159273838169,13.862606098220818
447,14.460437035077181,3.8349063121444273
448,14.492714796316191,10.236953337302346
449,14.524992557555203,17.785738587245376
450,14.557270318794215,8.270087862098455
451,14.589548080033227,2.506294769372018
452,14.621825841272237,8.047467706825197
453,14.654103602511249,13.281939400348612
454,14.686381363750261,11.384829748223913
455,14.718659124989273,5.703797418852934
456,14.750936886228285,19.534251708216
457,14.783214647467295,17.74374893195959
458,14.815492408706307,1.7893277466899715
459,14.847770169945319,11.507182925522097
460,14.88004793118433,16.794473644425512
461,14.912325692423343,4.82946517237771
462,14.944603453662353,4.124498991945276
463,14.976881214901365,11.048560014739666
464,15.009158976140377,14.2517567593127
465,15.041436737379389,12.143382347003367
466,15.073714498618399,8.457495034213984
467,15.10599225985741,14.508551969786108
468,15.138270021096423,15.589058050589966
469,15.170547782335435,2.7677352976336964
470,15.202825543574447,12.60255768435919
471,15.235103304813457,19.044556487352878
472,15.267381066052469,9.74644497695404
473,15.29965882729148,5.705898860346941
474,15.331936588530493,13.497191670882756
475,15.364214349769505,13.316247095403648
476,15.396492111008515,7.937788538023164
477,15.428769872247527,3.772023756268007
478,15.461047633486539,12.598873118703498
479,15.49332539472555,15.900430991192982
480,15.525603155964562,6.68473143689835
481,15.557880917203573,11.943054343138774
482,15.590158678442585,15.027866553160914
483,15.622436439681596,7.351544956447864
484,15.654714200920608,11.031759948896026
485,15.686991962159619,10.20593416621494
486,15.71926972339863,13.55698741148017
487,15.751547484637642,4.546833220322463
488,15.783825245876654,8.437728517808953
489,15.816103007115666,12.9242834860986
490,15.848380768354676,14.05745005657722
491,15.880658529593688,8.255523632105149
492,15.9129362908327,12.178675716734034
493,15.945214052071712,14.530883793164309
494,15.977491813310724,10.896335083341
495,16.009769574549736,2.5741503635247693
496,16.042047335788748,17.661988080067275
497,16.074325097027756,11.680381930496871
498,16.10660285826677,4.107206553867006
499,16.13888061950578,4.285144698473153
500,16.171158380744792,15.159044394458101
501,16.203436141983804,12.462240215829503
502,16.235713903222816,5.183743169307045
503,16.267991664461828,9.640700068639429
504,16.30026942570084,15.464251800253058
505,16.332547186939852,17.368399747263716
506,16.364824948178864,5.96366496233633
507,16.397102709417872,9.679097147279043
508,16.429380470656884,15.063098939786702
509,16.461658231895896,2.4256028787244044
510,16.493935993134908,6.152325677001544
511,16.52621375437392,13.659916706170415
512,16.558491515612932,8.699383613317499
513,16.590769276851944,4.386581124854349
514,16.623047038090956,11.531696502906522
515,16.655324799329968,14.131977096916458
516,16.687602560568976,12.65486847195217
517,16.719880321807988,4.631667957950557
518,16.752158083047,15.471673247481167
519,16.784435844286012,16.445867245346523
520,16.816713605525024,4.24316554707258
521,16.848991366764036,8.288646905610305
522,16.881269128003048,14.631943552237184
523,16.91354688924206,7.280526365649509
524,16.94582465048107,3.9743689551176296
525,16.978102411720084,8.14559717584194
526,17.010380172959092,17.768082965593372
527,17.042657934198104,7.942034609899692
528,17.074935695437116,5.3687976820844305
529,17.107213456676128,15.525566105858692
530,17.13949121791514,18.72072091354646
531,17.17176897915415,8.59467776545554
532,17.204046740393164,9.898286890576784
533,17.236324501632176,16.52422526445106
534,17.268602262871187,9.972716252622773
535,17.300880024110196,5.906307941640213
536,17.333157785349208,8.094600737502327
537,17.36543554658822,9.932803540040554
538,17.39771330782723,7.799109907170395
539,17.429991069066244,2.1305708979888487
540,17.462268830305256,12.786248636266416
541,17.494546591544267,13.117651282154256
542,17.52682435278328,8.749271874226586
543,17.55910211402229,10.3018377827631
544,17.591379875261303,16.808754027395317
545,17.62365763650031,9.990202644755637
546,17.655935397739324,4.358432260566223
547,17.688213158978336,9.986349390542186
548,17.720490920217348,12.83931895789479
549,17.75276868145636,2.654598955486637
550,17.78504644269537,5.553211359756319
551,17.817324203934383,4.559031363511373
552,17.849601965173395,10.774536255933706
553,17.881879726412407,6.398987411668522
554,17.914157487651416,9.843938327378735
555,17.946435248890428,15.048825017473257
556,17.97871301012944,15.01495319636072
557,18.01099077136845,4.533172496185819
558,18.043268532607463,10.835963100051545
559,18.075546293846475,11.725504277065273
560,18.107824055085487,7.199127634179341
561,18.1401018163245,2.728572905301717
562,18.17237957756351,12.684009979552595
563,18.204657338802523,9.293692089918837
564,18.23693510004153,7.024944366443389
565,18.269212861280543,6.7548146192279095
566,18.301490622519555,13.47939300256917
567,18.333768383758567,12.659132296786995
568,18.36604614499758,10.230772048187394
569,18.39832390623659,11.429140350581473
570,18.430601667475603,13.914077639999023
571,18.462879428714615,4.123418334599333
572,18.495157189953627,5.600914307475884
573,18.527434951192635,6.838871985326257
574,18.559712712431647,9.468048692673568
575,18.59199047367066,4.705896881333269
576,18.62426823490967,3.2192053856606484
577,18.656545996148683,13.730270006661422
578,18.688823757387695,14.187788380287735
579,18.721101518626707,0.7859937892078184
580,18.75337927986572,12.57662181237143
581,18.78565704110473,12.602943853331874
582,18.817934802343743,8.108932893698583
583,18.85021256358275,6.524097998126332
584,18.882490324821763,17.092642107491947
585,18.914768086060775,9.146071166263004
586,18.947045847299787,4.565112212776708
587,18.9793236085388,6.968937221563075
588,19.01160136977781,13.671465487542426
589,19.043879131016823,10.627022556741114
590,19.076156892255835,1.6725981391618612
591,19.108434653494847,8.910608441558333
592,19.140712414733855,13.939937273415989
593,19.172990175972867,8.78476658288946
594,19.20526793721188,4.810551442422332
595,19.23754569845089,13.346159286525477
596,19.269823459689903,12.350711302091186
597,19.302101220928915,1.6685124100918929
598,19.334378982167927,5.5452204327436645
599,19.36665674340694,12.921251867058496
600,19.39893450464595,11.433048354082356
601,19.431212265884962,3.044779374284974
602,19.46349002712397,11.768239445170433
603,19.495767788362983,11.972985279134695
604,19.528045549601995,7.3001987314735235
605,19.560323310841007,10.998414006377317
606,19.59260107208002,10.778474789565058
607,19.62487883331903,11.566234953407076
608,19.657156594558042,2.0506007991532327
609,19.689434355797054,8.67985286940898
610,19.721712117036066,14.323557249806253
611,19.753989878275075,3.823748101790246
612,19.786267639514087,1.9440503404360587
613,19.8185454007531,9.30464789470281
614,19.85082316199211,12.800888150625847
615,19.883100923231122,6.96995000635382
616,19.915378684470134,5.91419749565302
617,19.947656445709146,15.099848070405507
618,19.97993420694816,12.342571620654056
619,20.01221196818717,6.607199430273645
620,20.044489729426182,7.489641680661082
621,20.07676749066519,9.577820174127542
622,20.109045251904202,9.745554781464916
623,20.141323013143214,2.526957421100309
624,20.173600774382226,7.808727972223922
625,20.20587853562124,10.13329943800838
626,20.23815629686025,6.933595556088263
627,20.270434058099262,4.614059242525694
628,20.302711819338274,10.118565457871075
629,20.334989580577286,13.57286816354675
630,20.367267341816294,4.066101971717675
631,20.399545103055306,9.666717707637847
632,20.43182286429432,10.48418130771317
633,20.46410062553333,5.24776923615965
634,20.496378386772342,2.7988735185027336
635,20.528656148011354,8.483282061532863
636,20.560933909250366,8.277483615230736
637,20.593211670489378,6.069312734239366
638,20.62548943172839,4.42982183845143
639,20.6577671929674,11.456948125322974
640,20.69004495420641,12.008465511230169
641,20.722322715445422,5.599106583493284
642,20.754600476684434,8.089751549871702
643,20.786878237923446,13.266883931997013
644,20.819155999162458,11.00607379301409
645,20.85143376040147,5.221028463707621
646,20.883711521640482,9.478445039776293
647,20.915989282879494,9.701442525288826
648,20.948267044118506,5.504067996492725
649,20.980544805357514,2.4612619871756913
650,21.012822566596526,12.933825924112575
651,21.045100327835538,10.656151858274976
652,21.07737808907455,6.377448047289969
653,21.109655850313562,10.25230141573722
654,21.141933611552574,13.627580891851757
655,21.174211372791586,9.764478245203675
656,21.206489134030598,2.891940695380771
657,21.23876689526961,10.481277791202361
658,21.271044656508618,9.657860426809954
659,21.30332241774763,3.510689853747196
660,21.335600178986642,4.079555588988833
661,21.367877940225654,12.323620341990043
662,21.400155701464666,9.287632896464979
663,21.432433462703678,3.0874348840235406
664,21.46471122394269,6.072124095354136
665,21.4969889851817,12.261824770131238
666,21.529266746420713,8.961794677758755
667,21.561544507659725,6.2595971553658885
668,21.593822268898734,13.006254087654835
669,21.626100030137746,9.697698630044197
670,21.658377791376758,1.2261000235395467
671,21.69065555261577,4.980754898943537
672,21.72293331385478,9.872802397783685
673,21.755211075093793,8.237310561502378
674,21.787488836332805,2.834063193605581
675,21.819766597571817,7.6553344743938
676,21.85204435881083,12.082513099812868
677,21.884322120049838,9.345656322990225
678,21.91659988128885,3.832679153691414
679,21.94887764252786,12.215834838798626
680,21.981155403766873,10.73573296761222
681,22.013433165005885,4.8877118091557765
682,22.045710926244897,4.91973025354132
683,22.07798868748391,10.896222560713223
684,22.11026644872292,5.005097574988703
685,22.142544209961933,3.5455452648897485
686,22.174821971200945,4.5918339004255655
687,22.207099732439953,11.368758313424266
688,22.239377493678965,9.667909412233922
689,22.271655254917977,5.07561768556533
690,22.30393301615699,9.25832139809617
691,22.336210777396,12.510754565854294
692,22.368488538635013,4.759993369617186
693,22.400766299874025,6.647179032198178
694,22.433044061113037,9.915581332432584
695,22.46532182235205,10.120603938731605
696,22.497599583591057,0.8986665817174516
697,22.52987734483007,6.7903808928099965
698,22.56215510606908,8.229897156061343
699,22.594432867308093,5.978278929475636
700,22.626710628547105,1.7123468342213206
701,22.658988389786117,12.803786239343335
702,22.69126615102513,11.54852705758147
703,22.72354391226414,8.916141423547348
704,22.755821673503153,7.197041588853359
705,22.788099434742165,13.523306963760914
706,22.820377195981173,9.40753507883137
707,22.852654957220185,1.0046714342865446
708,22.884932718459197,5.864131052857554
709,22.91721047969821,11.213081063733446
710,22.94948824093722,5.972292158708474
711,22.981766002176233,1.3326268160076653
712,23.014043763415245,9.346944042167026
713,23.046321524654257,12.334116094419114
714,23.07859928589327,5.847919165508165
715,23.110877047132277,8.506987381327779
716,23.14315480837129,11.837916262750246
717,23.1754325696103,11.90703617409207
718,23.207710330849313,1.7557917137128787
719,23.239988092088325,10.549067695869356
720,23.272265853327337,9.086108798982277
721,23.30454361456635,4.440302058611017
722,23.33682137580536,1.3567407149877435
723,23.369099137044373,8.625040129548175
724,23.401376898283385,8.368430700174716
725,23.433654659522393,3.3633167577613974
726,23.465932420761405,5.871826383012329
727,23.498210182000417,12.28612196243777
728,23.53048794323943,10.1721599075317
729,23.56276570447844,4.29702383797007
730,23.595043465717453,11.676483248212955
731,23.627321226956465,11.786844082194534
732,23.659598988195476,3.0245485408614643
733,23.69187674943449,1.767730903804059
734,23.724154510673497,8.53427754036933
735,23.75643227191251,8.948960681057825
736,23.78871003315152,4.1547152297113
737,23.820987794390533,4.76670150295282
738,23.853265555629545,9.953985202700526
739,23.885543316868556,8.37418272226758
740,23.91782107810757,2.5135133856541207
741,23.95009883934658,9.741585029618324
742,23.982376600585592,11.897125602383957
743,24.014654361824604,9.37306210600728
744,24.046932123063613,4.171714118942879
745,24.079209884302625,9.62143802913665
746,24.111487645541636,7.671769937779431
747,24.14376540678065,3.6335373715133312
748,24.17604316801966,1.3628125355770686
749,24.208320929258672,9.543919089071204
750,24.240598690497684,7.776458632327101
751,24.272876451736696,2.750835427973009
752,24.305154212975708,10.403932897948899
753,24.337431974214716,11.832805360305755
754,24.36970973545373,4.844143040443869
755,24.40198749669274,6.0359281346632825
756,24.434265257931752,9.26820182489395
757,24.466543019170764,11.834874025779296
758,24.498820780409776,3.057192772280053
759,24.531098541648788,4.048230876289388
760,24.5633763028878,9.645589126106518
761,24.595654064126812,8.618384896419414
762,24.627931825365824,1.3157234055940112
763,24.660209586604832,8.015786417142213
764,24.692487347843844,10.178283236929893
765,24.724765109082856,8.947936989690225
766,24.757042870321868,6.010535462218555
767,24.78932063156088,11.931372287722098
768,24.821598392799892,9.57465773719723
769,24.853876154038904,2.85704312331305
770,24.886153915277916,5.956854036299642
771,24.918431676516928,11.362783863572043
772,24.950709437755936,7.0590131172006
773,24.982987198994948,3.0724164991871903
774,25.01526496023396,7.207059938370525
775,25.047542721472972,12.493766167266628
776,25.079820482711984,6.26831535580849
777,25.112098243950996,5.399554854933907
778,25.144376005190008,8.394259403163913
779,25.17665376642902,10.002608885240475
780,25.20893152766803,0.7808640674928673
781,25.241209288907044,8.732591888241274
782,25.273487050146052,11.205448796017373
783,25.305764811385064,6.694816811766969
784,25.338042572624076,1.323044270570331
785,25.370320333863088,7.052690133055944
786,25.4025980951021,11.271816610420633
787,25.43487585634111,6.37552946386677
788,25.467153617580124,3.3189906032743406
789,25.499431378819136,11.921051707975357
790,25.531709140058148,9.005599378620984
791,25.563986901297156,3.0216734047825344
792,25.596264662536168,8.491816521593199
793,25.62854242377518,9.930463522183647
794,25.66082018501419,5.77092136294451
795,25.693097946253204,0.9037756172439103
796,25.725375707492216,9.419483503510843
797,25.757653468731228,10.330041284173848
798,25.78993122997024,3.76839465581453
799,25.82220899120925,2.92877900379903
800,25.854486752448263,9.601830202960802
801,25.88676451368727,11.492195052551637
802,25.919042274926284,3.992434139063731
803,25.951320036165296,7.829283571239795
804,25.983597797404308,10.428558047882046
805,26.01587555864332,5.60780698161882
806,26.04815331988233,3.697579929645175
807,26.080431081121343,6.647366741591359
808,26.112708842360355,8.88320533007955
809,26.144986603599367,3.7567529257620222
810,26.177264364838376,3.3139419772403853
811,26.209542126077388,10.858664698363945
812,26.2418198873164,9.071477473543313
813,26.27409764855541,5.0303373338596264
814,26.306375409794423,8.225830882141675
815,26.338653171033435,8.624334756901133
816,26.370930932272447,7.511239512221991
817,26.40320869351146,2.9750479618653713
818,26.43548645475047,8.711345535471509
819,26.467764215989483,8.74706233726622
820,26.50004197722849,2.2437068471225743
821,26.532319738467503,2.1775358351110645
822,26.564597499706515,9.108384562972796
823,26.596875260945527,9.256817142659486
824,26.62915302218454,4.48444342399639
825,26.66143078342355,6.260675746062993
826,26.693708544662563,11.910880355042197
827,26.725986305901575,8.51438742847807
828,26.758264067140587,3.5586462094225872
829,26.790541828379595,8.232131364920669
830,26.822819589618607,10.14961575962839
831,26.85509735085762,5.026846608915972
832,26.88737511209663,4.524721060706601
833,26.919652873335643,8.670345322380648
834,26.951930634574655,7.782225540336479
835,26.984208395813667,3.280689669855439
836,27.01648615705268,5.719209218026059
837,27.04876391829169,10.110985213664687
838,27.081041679530703,8.93511672104755
839,27.11331944076971,1.1217669623946995
840,27.145597202008723,10.033811151517856
841,27.177874963247735,9.972399303809192
842,27.210152724486747,3.6637210803357076
843,27.24243048572576,5.9571884127379455
844,27.27470824696477,11.075985449942815
845,27.306986008203783,8.482660840050062
846,27.339263769442795,1.780763770293329
847,27.371541530681807,5.7178104935708385
848,27.403819291920815,10.195715190231653
849,27.436097053159827,6.369797846274157
850,27.46837481439884,1.2918903827522692
851,27.50065257563785,9.637257276974102
852,27.532930336876863,11.051325245992604
853,27.565208098115875,5.112176964094316
854,27.597485859354887,8.288175485641153
855,27.6297636205939,9.408602503521038
856,27.66204138183291,8.753189851223377
857,27.694319143071922,1.1048202548033697
858,27.72659690431093,6.591975992102669
859,27.758874665549943,9.98973126205078
860,27.791152426788955,5.681550139954692
861,27.823430188027967,1.4856788982312075
862,27.85570794926698,9.944348618696727
863,27.88798571050599,8.680167790568852
864,27.920263471745002,3.977746731395476
865,27.952541232984014,5.847929091653865
866,27.984818994223026,11.248322309677365
867,28.017096755462035,6.912948090032383
868,28.049374516701047,2.8140017793869316
869,28.08165227794006,5.994644721481521
870,28.11393003917907,7.852916519014799
871,28.146207800418082,4.587939051133849
872,28.178485561657094,1.7412959792557936
873,28.210763322896106,8.973767562553425
874,28.24304108413512,9.594493690827726
875,28.27531884537413,4.686788818575746
876,28.307596606613142,6.694675476823775
877,28.33987436785215,9.976643421124544
878,28.372152129091162,9.564524916313184
879,28.404429890330174,0.8400386961901671
880,28.436707651569186,6.43029366284175
881,28.4689854128082,8.424251607327044
882,28.50126317404721,2.579814167341949
883,28.533540935286222,2.021058817578291
884,28.565818696525234,6.9685783433752
885,28.598096457764246,9.107542382472376
886,28.630374219003254,5.542400251700484
887,28.662651980242266,3.295712302791437
888,28.69492974148128,11.078529006490548
889,28.72720750272029,9.010112979530495
890,28.759485263959302,2.161665965226809
891,28.791763025198314,6.548410375217697
892,28.824040786437326,9.086295578664414
893,28.856318547676338,4.629603508009598
894,28.88859630891535,2.9648595404395746
895,28.920874070154362,7.155652504164712
896,28.95315183139337,9.231136918029627
897,28.985429592632382,3.1785565143815115
898,29.017707353871394,4.978251229354947
899,29.049985115110406,9.544130631826773
900,29.082262876349418,9.88837441074538
901,29.11454063758843,0.7465226970551102
902,29.146818398827442,7.687520273897812
903,29.179096160066454,10.089989163015352
904,29.211373921305466,6.739812098857084
905,29.243651682544474,3.5965410397992734
906,29.275929443783486,8.0157021915159
907,29.308207205022498,8.676536250416563
908,29.34048496626151,3.0887390437010716
909,29.372762727500522,3.48519716212627
910,29.405040488739534,11.753541049344918
911,29.437318249978546,6.659264522470204
912,29.469596011217558,2.536399302368892
913,29.50187377245657,9.546180212049304
914,29.534151533695578,10.733390067452138
915,29.56642929493459,6.213581603131707
916,29.598707056173602,5.6036481793593245
917,29.630984817412614,8.013957865506748
918,29.663262578651626,9.665783959528046
919,29.695540339890638,0.9226639328791556
920,29.72781810112965,5.081310029439864
921,29.76009586236866,7.5121738400329265
922,29.792373623607673,7.479597260158486
923,29.824651384846685,1.6899623964470218
924,29.856929146085694,7.767789805708504
925,29.889206907324706,9.809869407587257
926,29.921484668563718,4.444759061696454
927,29.95376242980273,5.3915589590145885
928,29.98604019104174,10.207237418582507
929,30.018317952280754,8.541308236008911
930,30.050595713519765,2.096698533026742
931,30.082873474758777,4.773574592028909
932,30.11515123599779,10.178673707597394
933,30.147428997236798,5.878805677531515
934,30.17970675847581,3.029396280992215
935,30.21198451971482,5.460678695539441
936,30.244262280953834,7.664198177692544
937,30.276540042192845,5.808628868873491
938,30.308817803431857,4.858707899914563
939,30.34109556467087,10.691165481560196
940,30.37337332590988,10.157787475843351
941,30.405651087148893,2.3808791279379404
942,30.437928848387905,5.310803121429125
943,30.470206609626914,9.141850534971773
944,30.502484370865925,7.681382711387506
945,30.534762132104937,0.623726550231308
946,30.56703989334395,6.416211926457705
947,30.59931765458296,9.855508535252728
948,30.631595415821973,3.94273617886849
949,30.663873177060985,2.4990368566100396
950,30.696150938299997,7.506937464552839
951,30.72842869953901,8.674763222595745
952,30.760706460778017,3.2426511671666884
953,30.79298422201703,7.3637429951589715
954,30.82526198325604,9.851666387137335
955,30.857539744495053,6.687188054478088
956,30.889817505734065,3.1782019473625205
957,30.922095266973077,6.598501808495891
958,30.95437302821209,9.512826387607467
959,30.9866507894511,5.296371439094654
960,31.018928550690113,1.5994689106379645
961,31.051206311929125,10.072280532310836
962,31.083484073168133,8.062770796086008
963,31.115761834407145,0.38044077290641765
964,31.148039595646157,5.1546704315379674
965,31.18031735688517,9.519106058914865
966,31.21259511812418,7.380048915326206
967,31.244872879363193,3.1907358004290916
968,31.277150640602205,7.453571218764876
969,31.309428401841217,9.480389986413083
970,31.34170616308023,3.97417524535854
971,31.373983924319237,3.505283048302426
972,31.40626168555825,8.569410561375381
973,31.43853944679726,9.258925434162904
974,31.470817208036273,5.136703561887826
975,31.503094969275285,6.70510575540033
976,31.535372730514297,9.76902503166717
977,31.56765049175331,6.102790801168933
978,31.59992825299232,2.498749087523857
979,31.632206014231333,7.510911394791038
980,31.664483775470345,9.432331256257271
981,31.696761536709353,2.4278054216055875
982,31.729039297948365,3.9182166662313076
983,31.761317059187377,8.523801274780265
984,31.79359482042639,7.894891033845574
985,31.8258725816654,3.3044071093194023
986,31.858150342904413,6.37519718609477
987,31.890428104143425,8.287804049317733
988,31.922705865382436,8.856995198178625
989,31.95498362662145,2.584169396374344
990,31.987261387860457,8.151614722173605
991,32.01953914909947,7.768929791023644
992,32.05181691033848,2.840569333396435
993,32.084094671577496,4.503838088083217
994,32.116372432816505,9.253618009602079
995,32.14865019405551,7.367963320132134
996,32.18092795529453,1.8323935129885498
997,32.21320571653354,7.201780330116457
998,32.24548347777255,10.01107159450334
999,32.27776123901156,6.803748403257104
1000,32.310039000250576,2.4912622113915526
1001,32.342316761489585,8.36224338903058
1002,32.3745945227286,8.048651500961338
1003,32.40687228396761,4.062504076796971
1004,32.439150045206624,4.356765368716663
1005,32.47142780644563,6.826004755093492
1006,32.50370556768464,7.4798689832272505
1007,32.535983328923656,1.5887698045416925
1008,32.568261090162665,5.937504887710164
1009,32.60053885140168,10.312783410424462
1010,32.63281661264069,5.398908039066057
1011,32.665094373879704,2.3237361972095867
1012,32.69737213511871,7.966488265508389
1013,32.72964989635773,8.443180957419914
1014,32.761927657596736,5.40699084030638
1015,32.794205418835745,4.914693598394183
1016,32.82648318007476,8.365318927992613
1017,32.85876094131377,7.690630203201553
1018,32.891038702552784,0.6537197625207802
1019,32.92331646379179,5.290170473041893
1020,32.95559422503081,9.474270092471848
1021,32.987871986269816,5.783714972894344
1022,33.02014974750883,1.8500828753476481
1023,33.05242750874784,9.000780724575286
1024,33.08470526998685,8.130061804989657
1025,33.116983031225864,4.943156470089637
1026,33.14926079246487,3.3747366525812095
1027,33.18153855370389,9.0498515245844
1028,33.213816314942896,9.1807666049954
1029,33.24609407618191,1.4118563247309657
1030,33.27837183742092,5.812988907606639
1031,33.310649598659936,9.751546049167114
1032,33.342927359898944,5.279354428357651
1033,33.37520512113795,1.4224648097515307
1034,33.40748288237697,7.301515211320368
1035,33.439760643615976,9.864537612313779
1036,33.47203840485499,4.895678785891747
1037,33.504316166094,6.3300580123738985
1038,33.536593927333016,8.38031326467699
1039,33.568871688572024,8.28651582509541
1040,33.60114944981104,0.6316619983238398
1041,33.63342721105005,6.551698034935604
1042,33.665704972289056,10.051351864195256
1043,33.69798273352807,5.5204380393264945
1044,33.73026049476708,1.615053342344019
1045,33.762538256006096,8.034150779162458
1046,33.794816017245104,7.813741029218006
1047,33.82709377848412,2.8792161538998196
1048,33.85937153972313,4.144626196297689
1049,33.89164930096214,9.26425699626553
1050,33.92392706220115,7.337442492550334
1051,33.95620482344017,1.4308974394681306
1052,33.988482584679176,8.42346976558636
1053,34.020760345918184,8.924882087142672
1054,34.0530381071572,6.316377454721143
1055,34.08531586839621,4.230113133674885
1056,34.11759362963522,7.4182058680543355
1057,34.14987139087423,8.992125095903008
1058,34.18214915211325,1.9544870071268976
1059,34.214426913352256,4.0944228264697635
1060,34.24670467459127,9.027228033360176
1061,34.27898243583028,6.607056049934499
1062,34.31126019706929,1.6507030066437283
1063,34.3435379583083,7.946804162376869
1064,34.37581571954731,8.02393661110029
1065,34.40809348078633,5.282933248313019
1066,34.440371242025336,2.935174807881493
1067,34.47264900326435,7.8488656664055405
1068,34.50492676450336,8.161603292075258
1069,34.537204525742375,3.098732528246212
1070,34.56948228698138,4.974545297729597
1071,34.60176004822039,8.555816243568355
1072,34.63403780945941,7.246460209908573
1073,34.666315570698416,2.9887261099443014
1074,34.69859333193743,7.252677738476847
1075,34.73087109317644,7.94983858339828
1076,34.763148854415455,5.222449358637349
1077,34.79542661565446,2.99111421002474
1078,34.82770437689348,6.715968132402155
1079,34.85998213813249,7.734624950049791
1080,34.892259899371496,2.1164296231091835
1081,34.92453766061051,3.745940232984968
1082,34.95681542184952,9.162734129443454
1083,34.989093183088535,6.623512443891025
1084,35.02137094432754,2.7057038919714698
1085,35.05364870556656,8.19245684990236
1086,35.08592646680557,9.331776161660555
1087,35.11820422804458,6.762654508819632
1088,35.15048198928359,2.838104079835968
1089,35.18275975052261,7.8681464277456765
1090,35.215037511761615,9.383660431644888
1091,35.24731527300062,2.3598543203306632
1092,35.27959303423964,4.142678450929544
1093,35.31187079547865,8.735298605180862
1094,35.34414855671766,7.420814240641704
1095,35.37642631795667,0.9766661502609874
1096,35.40870407919569,6.987189511641409
1097,35.440981840434695,10.146821660420347
1098,35.47325960167371,5.233107445678038
1099,35.50553736291272,1.2060552645724256
1100,35.53781512415173,8.696044945077949
1101,35.57009288539074,8.726924234050037
1102,35.60237064662975,2.9622624285364867
1103,35.63464840786877,6.155879004748989
1104,35.666926169107775,9.093758792019052
1105,35.69920393034679,8.343496071505887
1106,35.7314816915858,2.074343535275945
1107,35.763759452824814,6.440758571986409
1108,35.79603721406382,10.126230413052912
1109,35.82831497530283,4.9401627881767025
1110,35.86059273654185,3.7911844734032374
1111,35.892870497780855,9.15691796131493
1112,35.92514825901987,7.94683601982109
1113,35.95742602025888,2.2572199968089164
1114,35.989703781497894,6.835639541302597
1115,36.0219815427369,9.016950285047832
1116,36.05425930397592,8.182175555994924
1117,36.08653706521493,0.9823948080058659
1118,36.118814826453935,6.789284952550591
1119,36.15109258769295,10.582867963621872
1120,36.18337034893196,4.555540251372005
1121,36.215648110170974,3.976865364000784
1122,36.24792587140998,8.456231153688245
1123,36.280203632649,7.119561148460778
1124,36.31248139388801,1.9109015282503772
1125,36.34475915512702,7.266996735394254
1126,36.37703691636603,7.45878101645703
1127,36.409314677605046,7.306716345288783
1128,36.441592438844054,3.792043022643551
1129,36.47387020008306,7.38887687316569
1130,36.50614796132208,9.11422904731411
1131,36.53842572256109,5.4142745687447285
1132,36.5707034838001,3.5192145591396415
1133,36.60298124503911,7.724572551640512
1134,36.635259006278126,7.182481027146259
1135,36.667536767517134,2.965381944651436
1136,36.69981452875615,6.133528456564481
1137,36.73209228999516,8.5764958244478
1138,36.76437005123417,6.017384605070116
1139,36.79664781247318,1.868791658403508
1140,36.82892557371219,7.211862394459718
1141,36.861203334951206,9.788282220101841
1142,36.893481096190214,4.2473024688271686
1143,36.92575885742923,5.3472356765206985
1144,36.95803661866824,7.756835139576332
1145,36.990314379907254,7.454002305261232
1146,37.02259214114626,3.6446709906887307
1147,37.05486990238527,6.287230494067416
1148,37.087147663624286,8.419901918775759
1149,37.119425424863294,5.385644673343262
1150,37.15170318610231,0.44311492989127704
1151,37.18398094734132,6.648621341008358
1152,37.216258708580334,7.613734439971868
1153,37.24853646981934,4.549942034918218
1154,37.28081423105836,5.222493384641865
1155,37.313091992297366,9.476100492532025
1156,37.345369753536374,9.657546507093373
1157,37.37764751477539,2.591501704641782
1158,37.4099252760144,5.801332316202157
1159,37.442203037253414,9.12946868967456
1160,37.47448079849242,6.640758453979951
1161,37.50675855973144,1.2870475745467227
1162,37.539036320970446,7.835149235144291
1163,37.57131408220946,7.614854559692811
1164,37.60359184344847,3.7422306108382006
1165,37.635869604687485,5.309922782813918
1166,37.668147365926494,8.006875405773608
1167,37.7004251271655,7.946842731227254
1168,37.73270288840452,2.1078462590756595
1169,37.764980649643526,6.342737109311435
1170,0.2524725240198368,4940.592246599126
