,distance,time (s)
0,22.830888496698947,29.012329
1,22.683092141628574,29.037412
2,22.5352957865582,29.043419
3,22.461397609023017,29.052815
4,22.38749943148783,29.065119
5,22.239703076417456,29.077646
6,22.091906721347083,29.096077
7,21.99663531130665,29.102126
8,21.90136390126622,29.108281
9,21.710821081185355,29.114647
10,21.52027826110449,29.120721
11,21.32973544102363,29.126849
12,21.139192620942765,29.13272
13,20.9486498008619,29.138979
14,20.758106980781037,29.14518
15,20.567564160700172,29.176309
16,20.811306265943035,29.188874
17,21.055048371185897,29.214051
18,21.29879047642876,29.238927
19,21.405432403082408,29.25451
20,21.512074329736052,29.260306
21,21.565395293062874,29.266978
22,21.618716256389696,29.273991
23,21.672037219716522,29.307472
24,21.725358183043344,29.313939
25,21.629656097554154,29.320072
26,21.533954012064964,29.339809
27,21.342549841086587,29.356911
28,21.29469879834199,29.363941
29,21.246847755597397,29.37036
30,21.198996712852804,29.404944
31,21.151145670108207,29.411757
32,21.42555086212228,29.418704
33,21.69995605413635,29.432073
34,21.745690252805364,29.445982
35,21.791424451474374,29.459923
36,21.837158650143387,29.467186
37,21.8828928488124,29.480996
38,21.92862704748141,29.488044
39,21.974361246150423,29.500508
40,22.129811616876978,29.519161
41,22.285261987603533,29.52555
42,22.440712358330085,29.53199
43,22.49252914857227,29.544413
44,22.544345938814455,29.550764
45,22.59616272905664,29.579203
46,22.302753954634667,29.585369
47,22.009345180212694,29.591616
48,21.71593640579072,29.616866
49,21.8059519628435,29.637855
50,21.895967519896285,29.650014
51,22.07599863400185,29.656351
52,22.166014191054632,29.671937
53,22.256029748107416,29.684279
54,22.43606086221298,29.690445
55,22.284472120539487,29.721374
56,22.132883378865994,29.733436
57,21.981294637192505,29.739902
58,21.829705895519012,29.761365
59,21.67811715384552,29.780233
60,22.43720635921789,29.824651
61,23.19629556459026,29.86946
62,23.215709167491802,29.876668
63,23.235122770393343,29.895025
64,23.254536373294883,29.929218
65,23.930376942389145,29.977222
66,24.606217511483408,29.995736
67,24.447527176101847,30.002404
68,24.288836840720283,30.009604
69,24.130146505338722,30.015414
70,23.97145616995716,30.027765
71,23.812765834575597,30.059316
72,23.654075499194036,30.086747
73,23.98275980203452,30.113224
74,24.311444104874997,30.119025
75,24.475786256295237,30.125261
76,24.64012840771548,30.156172
77,24.53919546419475,30.162166
78,24.438262520674026,30.168538
79,24.337329577153298,30.181599
80,24.286863105392932,30.188262
81,24.23639663363257,30.195124
82,24.135463690111845,30.201976
83,24.034530746591116,30.226781
84,23.740697103896345,30.235618
85,23.446863461201577,30.241922
86,23.153029818506806,30.266536
87,22.859196175812034,30.272856
88,22.565362533117266,30.279279
89,22.271528890422495,30.306801
90,22.643293264227978,30.320873
91,23.015057638033465,30.341311
92,23.386822011838948,30.382564
93,23.177460732756355,30.388484
94,22.968099453673766,30.394828
95,22.758738174591173,30.401017
96,22.54937689550858,30.413258
97,22.340015616425987,30.419809
98,22.130654337343397,30.434814
99,21.921293058260805,30.441095
100,22.30413378024229,30.473261
101,22.68697450222377,30.479682
102,23.069815224205254,30.486574
103,23.452655946186734,30.507898
104,23.83549666816822,30.513664
105,23.83911610443271,30.520435
106,23.842735540697195,30.537605
107,23.846354976961685,30.551959
108,23.849974413226175,30.559076
109,23.853593849490665,30.573232
110,23.85721328575515,30.58032
111,23.86083272201964,30.613666
112,24.038122177903652,30.644045
113,24.215411633787667,30.657641
114,24.569990545555697,30.67121
115,24.9130421820176,30.678316
116,25.256093818479496,30.684938
117,25.599145454941393,30.69787
118,25.942197091403294,30.738635
119,25.91463384201237,30.752566
120,25.887070592621445,30.766218
121,25.831944093839596,30.773167
122,25.776817595057747,30.787003
123,25.721691096275897,30.800712
124,25.666564597494048,30.814826
125,25.950410577275438,30.821584
126,26.234256557056828,30.82831
127,26.518102536838214,30.869533
128,26.801948516619603,30.883372
129,27.085794496400993,30.890362
130,26.93606817115666,30.897027
131,26.78634184591233,30.903015
132,26.636615520667995,30.915511
133,26.486889195423664,30.927523
134,26.33716287017933,30.955413
135,26.187436544935,30.961528
136,26.037710219690666,31.023095
137,25.915542860977432,31.052587
138,25.919219242819892,31.064984
139,25.922895624662353,31.071772
140,25.924733815583583,31.077752
141,25.926572006504813,31.083903
142,25.930248388347273,31.090176
143,25.933924770189734,31.102279
144,25.935762961110964,31.114757
145,25.937601152032194,31.128488
146,26.076213699410186,31.152488
147,26.214826246788178,31.159378
148,26.35343879416617,31.179846
149,26.492051341544162,31.186593
150,26.630663888922154,31.193495
151,26.49988625367206,31.200432
152,26.36910861842196,31.20739
153,26.238330983171863,31.221188
154,26.10755334792177,31.226955
155,25.976775712671675,31.239965
156,25.845998077421577,31.249803
157,25.71522044217148,31.256681
158,25.584442806921384,31.263681
159,25.404210406077024,31.277316
160,25.223978005232667,31.284409
161,25.043745604388306,31.29828
162,24.863513203543945,31.329742
163,24.68328080269959,31.336525
164,24.503048401855228,31.342245
165,24.47301158947249,31.351599
166,24.442974777089745,31.363979
167,24.412937964707005,31.376455
168,24.382901152324262,31.389
169,24.352864339941522,31.394864
170,24.32282752755878,31.401062
171,24.29279071517604,31.41385
172,24.270014278751066,31.427495
173,24.247237842326093,31.434464
174,24.20168496947615,31.441174
175,24.156132096626205,31.493276
176,24.35272123421931,31.511754
177,24.549310371812417,31.517894
178,24.745899509405525,31.536484
179,24.94248864699863,31.563978
180,24.916858252685117,31.582833
181,24.891227858371604,31.589224
182,24.86559746405809,31.601436
183,24.839967069744574,31.614111
184,24.81433667543106,31.620696
185,24.78870628111755,31.648154
186,24.944728921348243,31.654456
187,25.10075156157894,31.660256
188,25.20476665506607,31.666584
189,25.308781748553198,31.686757
190,25.41279684204033,31.693779
191,25.724842122501723,31.707713
192,26.036887402963114,31.714166
193,25.68804937139789,31.748872
194,25.33921133983267,31.783191
195,24.990373308267447,31.789253
196,24.96067149841774,31.813921
197,24.950770895134504,31.832861
198,24.940870291851265,31.838962
199,24.93096968856803,31.845119
200,24.901267878718322,31.872543
201,25.02578247767567,31.878754
202,25.150297076633017,31.885082
203,25.274811675590364,31.891234
204,25.39932627454771,31.897382
205,25.52384087350506,31.928549
206,25.648355472462406,31.940669
207,25.757189158952922,31.946979
208,25.86602284544344,31.981081
209,25.974856531933952,32.001973
210,26.08369021842447,32.022743
211,26.174847911836494,32.057329
212,26.266005605248523,32.076531
213,26.35716329866055,32.082869
214,26.448320992072574,32.096856
215,26.35666501155801,32.103682
216,26.265009031043448,32.110438
217,26.17335305052888,32.131043
218,26.081697070014318,32.161214
219,25.990041089499755,32.170191
220,26.01674962115366,32.17676
221,26.043458152807567,32.190533
222,26.070166684461476,32.20386
223,26.096875216115382,32.217595
224,26.12358374776929,32.24977
225,26.09220087297614,32.273125
226,26.06081799818299,32.293836
227,26.02943512338984,32.300933
228,25.99805224859669,32.306886
229,25.96666937380354,32.319165
230,25.760628675117573,32.325313
231,25.55458797643161,32.331714
232,25.142506579059674,32.337874
233,24.730425181687743,32.344004
234,24.524384483001775,32.356591
235,24.31834378431581,32.368963
236,23.90626238694388,32.37492
237,23.494180989571944,32.381264
238,23.082099592200013,32.399848
239,22.94820303165313,32.406059
240,22.814306471106246,32.412085
241,22.680409910559362,32.418426
242,22.54651335001248,32.438893
243,22.412616789465595,32.445608
244,22.27872022891871,32.451594
245,22.144823668371828,32.458328
246,22.010927107824944,32.499431
247,22.469716145462325,32.513144
248,22.928505183099706,32.531606
249,23.387294220737086,32.550888
250,23.800551435405477,32.557678
251,24.21380865007387,32.585557
252,24.627065864742256,32.591454
253,25.040323079410648,32.603982
254,25.45358029407904,32.622908
255,25.60276182484112,32.635513
256,25.751943355603206,32.642466
257,25.901124886365288,32.649225
258,26.050306417127373,32.663549
259,26.100033594048067,32.675408
260,26.14976077096876,32.681596
261,26.199487947889455,32.688267
262,26.290533989696694,32.709042
263,26.381580031503933,32.728704
264,26.47262607331117,32.735522
265,26.563672115118408,32.749088
266,26.654718156925647,32.754832
267,26.745764198732886,32.804846
268,27.032772177958428,32.811613
269,27.1762761675712,32.823977
270,27.31978015718397,32.830082
271,27.60678813640951,32.836249
272,27.893796115635052,32.842533
273,27.636036586420776,32.867982
274,27.3782770572065,32.895129
275,26.862757998777948,32.92007
276,26.7393516874808,32.926529
277,26.615945376183653,32.938595
278,26.492539064886504,32.965486
279,26.36913275358936,32.97265
280,26.24572644229221,32.992133
281,26.19074918919293,32.999569
282,26.163260562643288,33.006825
283,26.13577193609365,33.013544
284,26.080794682994373,33.020308
285,26.025817429895092,33.041184
286,25.97084017679581,33.05495
287,25.94335155024617,33.085449
288,25.915862923696533,33.104494
289,25.972740921001474,33.154735
290,26.029618918306415,33.17439
291,26.105063702356674,33.180947
292,26.18050848640693,33.187221
293,26.331398054507446,33.206199
294,26.482287622607963,33.212275
295,26.633177190708476,33.218599
296,26.813428303368198,33.225066
297,26.99367941602792,33.232385
298,27.17393052868764,33.239233
299,27.35418164134736,33.260397
300,27.53443275400708,33.273995
301,27.714683866666803,33.290554
302,27.552779774551915,33.29756
303,27.390875682437024,33.304423
304,27.228971590322132,33.311079
305,27.067067498207244,33.317975
306,26.905163406092356,33.331857
307,26.743259313977465,33.33871
308,26.581355221862573,33.344698
309,26.419451129747685,33.351015
310,26.257547037632797,33.357106
311,26.095642945517906,33.369728
312,26.27896969744252,33.382136
313,26.46229644936713,33.397245
314,26.82894995321636,33.403219
315,27.195603457065587,33.415633
316,27.562256960914812,33.421831
317,27.928910464764037,33.428094
318,28.11223721668865,33.434005
319,28.295563968613266,33.458639
320,28.413971531637117,33.464893
321,28.532379094660968,33.485215
322,28.65078665768482,33.495357
323,28.769194220708666,33.501998
324,28.887601783732517,33.508728
325,29.006009346756368,33.514631
326,28.870663299082295,33.520788
327,28.735317251408222,33.539815
328,28.599971203734146,33.546119
329,28.464625156060073,33.558595
330,28.329279108386,33.565231
331,28.193933060711927,33.571916
332,28.05858701303785,33.578761
333,27.923240965363778,33.585581
334,27.878125616139087,33.609173
335,27.833010266914396,33.616009
336,27.787894917689705,33.62292
337,28.05885678843967,33.630025
338,28.149177412022993,33.650381
339,28.239498035606314,33.675486
340,28.329818659189637,33.681325
341,28.365810274749126,33.687656
342,28.40180189030862,33.696785
343,28.419797698088363,33.722779
344,28.437793505868108,33.750181
345,28.635931574817217,33.75712
346,28.735000609291774,33.76398
347,28.834069643766327,33.784605
348,29.032207712715437,33.812913
349,28.954880366634445,33.825596
350,28.877553020553453,33.831535
351,28.80022567447246,33.837966
352,28.780893837952213,33.850361
353,28.761562001431965,33.862671
354,28.742230164911717,33.874791
355,28.72289832839147,33.887101
356,28.645570982310478,33.896629
357,28.640344446207035,33.908623
358,28.635117910103588,33.914943
359,28.629891374000145,33.921259
360,28.624664837896702,33.9336
361,28.619438301793256,33.939727
362,28.616825033741534,33.958479
363,28.614211765689813,33.964739
364,28.556594695627542,33.970668
365,28.49897762556527,33.977045
366,28.470169090534135,33.983064
367,28.441360555503,33.98908
368,28.38374348544073,34.004126
369,28.32612641537846,34.010619
370,28.297317880347325,34.016697
371,28.26850934531619,34.022503
372,28.21089227525392,34.028797
373,28.153275205191648,34.035421
374,28.095658135129376,34.041328
375,28.237734146819626,34.059927
376,28.379810158509876,34.073638
377,28.521886170200123,34.092638
378,28.663962181890373,34.120408
379,28.4771767149088,34.126624
380,28.290391247927225,34.133106
381,28.103605780945653,34.139006
382,27.91682031396408,34.1454
383,27.730034846982505,34.157401
384,27.543249380000933,34.164276
385,27.35646391301936,34.171197
386,27.16967844603779,34.177947
387,26.982892979056214,34.183998
388,26.79610751207464,34.190239
389,26.549733944189146,34.196541
390,26.303360376303655,34.205604
391,26.18017359236091,34.211664
392,26.05698680841816,34.230632
393,25.810613240532668,34.236698
394,25.564239672647172,34.242961
395,25.31786610476168,34.249112
396,25.071492536876185,34.279943
397,24.874167976860655,34.286495
398,24.676843416845124,34.308491
399,24.479518856829593,34.322465
400,24.282194296814065,34.329318
401,24.084869736798534,34.33618
402,23.98620745679077,34.342925
403,23.887545176783004,34.350057
404,23.714294885700802,34.35696
405,23.541044594618597,34.363818
406,23.367794303536392,34.370768
407,23.281169157995294,34.398146
408,23.19454401245419,34.415123
409,23.209814494182208,34.421924
410,23.225084975910228,34.428849
411,23.232720216774236,34.441218
412,23.240355457638245,34.475592
413,23.255625939366265,34.482509
414,23.27089642109428,34.49674
415,23.21644507391521,34.524134
416,23.189219400325673,34.531024
417,23.161993726736135,34.538248
418,23.1347680531466,34.545018
419,23.107542379557064,34.55114
420,23.05309103237799,34.557636
421,22.998639685198917,34.57128
422,23.25296083155054,34.611133
423,23.507281977902156,34.617338
424,23.634442551077967,34.629854
425,23.761603124253774,34.636055
426,24.015924270605396,34.663746
427,24.24810440403894,34.670754
428,24.480284537472485,34.677655
429,24.63507129309485,34.684562
430,24.78985804871721,34.691822
431,24.944644804339575,34.697762
432,25.409005071206668,34.70384
433,25.563791826829032,34.718976
434,25.718578582451393,34.725287
435,25.873365338073757,34.737425
436,25.680979984218496,34.743492
437,25.584787307290867,34.749881
438,25.488594630363234,34.762299
439,25.29620927650797,34.780973
440,25.10382392265271,34.787173
441,25.00763124572508,34.82371
442,24.911438568797447,34.837243
443,25.033452227607768,34.844237
444,25.15546588641809,34.851475
445,25.399493204038734,34.858343
446,25.643520521659376,34.872031
447,25.583431793496633,34.885628
448,25.52334306533389,34.892494
449,25.46325433717115,34.905283
450,25.403165609008408,34.920632
451,25.282988152682922,34.927749
452,25.16281069635744,34.934586
453,25.042633240031954,34.948212
454,25.481000018481645,34.961265
455,25.919366796931335,34.979622
456,26.357733575381026,35.010507
457,26.796100353830717,35.025487
458,26.43882774115696,35.038154
459,26.081555128483203,35.04439
460,25.72428251580945,35.050459
461,25.367009903135692,35.05636
462,25.009737290461935,35.088964
463,25.652209284083447,35.095928
464,26.29468127770496,35.13731
465,26.937153271326473,35.175328
466,26.90213631899816,35.181924
467,26.867119366669847,35.195016
468,26.797085462013225,35.201071
469,26.727051557356603,35.206935
470,26.657017652699977,35.228574
471,26.58698374804335,35.235542
472,26.51694984338673,35.270055
473,27.119801805838836,35.277075
474,27.722653768290947,35.295344
475,28.325505730743053,35.313944
476,28.161401298615647,35.323189
477,27.99729686648824,35.34169
478,27.833192434360836,35.347847
479,27.669088002233426,35.354178
480,27.50498357010602,35.360098
481,27.42293135404232,35.366058
482,27.340879137978614,35.378473
483,27.17677470585121,35.390934
484,26.964926837329617,35.403165
485,26.753078968808026,35.409206
486,26.541231100286435,35.415411
487,26.329383231764844,35.431027
488,26.117535363243253,35.437437
489,25.90568749472166,35.443448
490,25.69383962620007,35.449857
491,25.48199175767848,35.463583
492,25.700992933012497,35.470425
493,25.919994108346515,35.476843
494,26.138995283680533,35.483662
495,26.248495871347544,35.490469
496,26.35799645901455,35.534915
497,26.57699763434857,35.548524
498,26.660427674216404,35.573214
499,26.74385771408424,35.579299
500,26.785572734018157,35.591971
501,26.827287753952074,35.605745
502,26.91071779381991,35.61947
503,26.723302757112435,35.628967
504,26.53588772040496,35.635898
505,26.348472683697487,35.666855
506,26.161057646990013,35.67922
507,25.97364261028254,35.685886
508,25.8799350919288,35.693037
509,25.786227573575065,35.698682
510,25.69600560851228,35.711051
511,25.65089462598089,35.729774
512,25.605783643449495,35.735671
513,25.51556167838671,35.74188
514,25.42533971332393,35.748048
515,25.335117748261144,35.754145
516,25.24489578319836,35.760729
517,25.154673818135574,35.766905
518,25.059288869766497,35.773262
519,24.963903921397417,35.779659
520,24.868518973028337,35.792415
521,24.77313402465926,35.79865
522,24.677749076290183,35.8174
523,24.582364127921103,35.844878
524,24.588116938253858,35.852034
525,24.593869748586613,35.864317
526,24.599622558919368,35.870772
527,24.605375369252123,35.876886
528,24.611128179584874,35.895901
529,24.61688098991763,35.90237
530,24.62551020541676,35.908857
531,24.634139420915893,35.915482
532,24.479445842431936,35.922198
533,24.32475226394798,35.945534
534,24.17005868546402,35.957569
535,24.01536510698006,35.969945
536,23.860671528496102,35.982307
537,23.705977950012144,35.995827
538,23.645473424252746,36.002918
539,23.584968898493347,36.016661
540,23.52446437273395,36.023522
541,23.463959846974547,36.0328
542,23.403455321215148,36.044918
543,23.34295079545575,36.056975
544,23.28244626969635,36.075158
545,23.21359775052592,36.093677
546,23.14474923135549,36.100447
547,23.07590071218506,36.107519
548,23.00705219301463,36.125615
549,22.9382036738442,36.142738
550,22.846602780412784,36.170383
551,22.75500188698137,36.182327
552,22.663400993549956,36.195197
553,22.57180010011854,36.202163
554,22.38859831325571,36.222988
555,22.314650902071484,36.229888
556,22.240703490887256,36.243087
557,22.16675607970303,36.261162
558,22.092808668518803,36.273838
559,22.018861257334578,36.27983
560,21.94491384615035,36.286353
561,21.90794014055824,36.313392
562,21.870966434966125,36.327068
563,22.58386800932284,36.336708
564,23.29676958367955,36.343562
565,24.009671158036262,36.357649
566,24.722572732392976,36.378366
567,24.484917856756695,36.405599
568,24.24726298112041,36.412419
569,24.00960810548413,36.419208
570,23.771953229847846,36.426146
571,23.534298354211565,36.457005
572,23.48388885617838,36.470823
573,23.433479358145192,36.496336
574,23.383069860112006,36.50326
575,23.33266036207882,36.510207
576,23.282250864045633,36.516883
577,23.224859200172116,36.540783
578,23.1674675362986,36.547604
579,23.110075872425085,36.554624
580,23.081380040488327,36.574329
581,23.052684208551568,36.580484
582,22.99529254467805,36.598842
583,23.184445682646306,36.61278
584,23.373598820614564,36.619389
585,23.56275195858282,36.626633
586,23.751905096551077,36.633491
587,23.941058234519332,36.643289
588,24.13021137248759,36.65016
589,24.319364510455845,36.663833
590,24.508517648424103,36.67085
591,24.697670786392358,36.677898
592,24.644025624503605,36.68461
593,24.59038046261485,36.70504
594,24.563557881670473,36.731103
595,24.536735300726097,36.737863
596,24.51419982428264,36.758702
597,24.491664347839183,36.792786
598,24.44659339495227,36.818693
599,24.581314415533534,36.855793
600,24.716035436114794,36.868094
601,24.850756456696057,36.880364
602,24.98547747727732,36.892868
603,24.827950588145164,36.929874
604,24.67042369901301,36.935965
605,24.512896809880854,36.963196
606,24.31857748810858,36.969762
607,24.124258166336304,36.976305
608,23.92993884456403,37.003762
609,23.735619522791755,37.009817
610,23.638459861905616,37.022336
611,23.54130020101948,37.041969
612,23.464212873953624,37.050767
613,23.387125546887763,37.056937
614,23.310038219821905,37.063227
615,23.232950892756048,37.093938
616,23.155863565690186,37.100315
617,23.07877623862433,37.118683
618,22.852912856384886,37.124782
619,22.627049474145448,37.143406
620,22.514117783025725,37.159833
621,22.401186091906006,37.180514
622,22.175322709666567,37.186404
623,21.949459327427125,37.198719
624,22.03771246256281,37.218593
625,22.125965597698496,37.232171
626,22.21421873283418,37.239268
627,22.302471867969867,37.256195
628,22.346598435537707,37.262855
629,22.39072500310555,37.269677
630,22.39265661874073,37.276608
631,22.39458823437591,37.283482
632,22.396519850011092,37.30392
633,22.39845146564627,37.310238
634,22.39941727346386,37.340885
635,22.40038308128145,37.346866
636,22.579010275883924,37.362828
637,22.757637470486397,37.411368
638,22.93626466508887,37.445667
639,22.849371495601297,37.455508
640,22.762478326113722,37.462469
641,22.719031741369932,37.476335
642,22.675585156626145,37.481957
643,22.58869198713857,37.48861
644,22.504672427613144,37.495506
645,22.420652868087714,37.502586
646,22.336633308562284,37.509433
647,22.252613749036858,37.52315
648,22.16859418951143,37.537267
649,22.126584409748716,37.564014
650,22.084574629986,37.57013
651,22.317742827685716,37.576337
652,22.55091102538543,37.582549
653,22.784079223085143,37.596226
654,22.900663321935,37.644531
655,23.01724742078486,37.651784
656,23.28426202689926,37.661276
657,23.37326689560406,37.701911
658,23.46227176430886,37.714003
659,23.55127663301366,37.720116
660,23.599947668600137,37.750797
661,23.624283186393377,37.775311
662,23.648618704186617,37.825104
663,23.833800770724377,37.831236
664,24.01898283726214,37.837338
665,24.2041649037999,37.871756
666,24.09060273665439,37.885395
667,24.03382165308163,37.905854
668,23.977040569508876,37.91965
669,23.863478402363366,37.926649
670,23.749916235217853,37.933455
671,23.636354068072343,37.947035
672,23.718393949969006,37.973081
673,23.800433831865664,37.979464
674,23.882473713762323,37.997917
675,23.964513595658985,38.004167
676,24.046553477555648,38.010152
677,24.128593359452307,38.016288
678,24.082808777510653,38.042386
679,24.037024195569,38.056201
680,23.991239613627346,38.074548
681,23.945455031685693,38.080802
682,23.89967044974404,38.119622
683,23.958094329128723,38.133325
684,24.016518208513407,38.139269
685,24.074942087898087,38.152046
686,24.13336596728277,38.158293
687,24.191789846667454,38.16444
688,24.19923332602646,38.173367
689,24.206676805385463,38.185914
690,24.214120284744464,38.198381
691,24.217842024423966,38.245061
692,24.22156376410347,38.251976
693,24.527616434027564,38.265894
694,24.83366910395166,38.274516
695,24.986695438913706,38.299046
696,25.139721773875756,38.32395
697,25.178508614471454,38.330584
698,25.217295455067156,38.342692
699,25.256082295662853,38.361701
700,25.29486913625855,38.370559
701,25.33365597685425,38.377088
702,25.37244281744995,38.383
703,25.41122965804565,38.395465
704,25.73779834464502,38.401414
705,26.064367031244398,38.40829
706,26.227651374544084,38.440039
707,26.39093571784377,38.500002
708,26.384298126364854,38.506361
709,26.37766053488594,38.518829
710,26.371022943407027,38.53166
711,26.36438535192811,38.538193
712,26.36954034638107,38.544057
713,26.374695340834023,38.550421
714,26.37985033528698,38.586393
715,26.385005329739936,38.60711
716,26.390160324192895,38.634444
717,26.320868339738304,38.641675
718,26.25157635528371,38.648226
719,26.112992386374525,38.705909
720,26.254381540663026,38.711826
721,26.395770694951523,38.718377
722,26.53715984924002,38.739107
723,26.60785442638427,38.74494
724,26.67854900352852,38.778835
725,26.775202292267533,38.78526
726,26.871855581006546,38.797812
727,26.936291106832556,38.803869
728,27.000726632658566,38.809819
729,27.065162158484576,38.816491
730,27.2584687359626,38.830516
731,27.451775313440628,38.843359
732,27.594650205824742,38.849942
733,27.6660876520168,38.868335
734,27.737525098208856,38.874611
735,27.808962544400913,38.8807
736,27.880399990592974,38.893273
737,28.023274882977088,38.905635
738,28.166149775361202,38.918005
739,28.30592986019956,38.943201
740,28.445709945037915,38.970705
741,28.585490029876272,38.977643
742,28.72527011471463,38.991503
743,28.540346924241074,38.998407
744,28.47870586074989,39.011914
745,28.417064797258703,39.017909
746,28.35542373376752,39.024017
747,28.170500543293965,39.036443
748,27.985577352820414,39.042594
749,27.80065416234686,39.04874
750,27.615730971873305,39.055136
751,27.43080778139975,39.067308
752,27.486192060457995,39.07957
753,27.541576339516237,39.085556
754,27.59696061857448,39.092028
755,27.652344897632727,39.098036
756,27.707729176690968,39.104087
757,27.763113455749213,39.11022
758,27.81849773480746,39.116057
759,27.8738820138657,39.136551
760,27.929266292923945,39.143621
761,27.97859859336237,39.150782
762,28.027930893800793,39.171174
763,28.07726319423922,39.186252
764,28.12659549467764,39.192494
765,28.175927795116067,39.204766
766,28.22526009555449,39.210684
767,28.274592395992915,39.229
768,28.146503187549914,39.235592
769,28.01841397910691,39.263098
770,27.89032477066391,39.291274
771,27.875681983981895,39.297423
772,27.86103919729988,39.303637
773,27.846396410617867,39.309847
774,27.831753623935857,39.328364
775,27.817110837253843,39.348353
776,27.80246805057183,39.355273
777,27.787825263889815,39.368915
778,27.613141279691607,39.391444
779,27.4384572954934,39.405042
780,27.351115303394298,39.41202
781,27.263773311295196,39.432827
782,27.08908932709699,39.438775
783,26.83143478938575,39.451046
784,26.57378025167451,39.464514
785,26.31612571396327,39.4715
786,26.058471176252034,39.492699
787,25.800816638540795,39.498892
788,25.543162100829555,39.511555
789,25.285507563118315,39.53039
790,25.534581433893003,39.537392
791,25.783655304667686,39.543149
792,26.03272917544237,39.549315
793,26.281803046217057,39.567571
794,26.530876916991744,39.573822
795,26.779950787766428,39.589342
796,26.79678416192585,39.608079
797,26.813617536085275,39.620527
798,26.830450910244696,39.62698
799,26.847284284404118,39.632856
800,26.864117658563544,39.639143
801,26.880951032722965,39.645309
802,26.89778440688239,39.658185
803,26.914617781041812,39.671703
804,26.692387506854537,39.678568
805,26.470157232667262,39.685628
806,26.396080474604837,39.70679
807,26.322003716542415,39.713291
808,26.24792695847999,39.732959
809,26.025696684292715,39.75371
810,26.278109910975825,39.760602
811,26.530523137658935,39.783533
812,26.782936364342046,39.795982
813,27.035349591025156,39.8085
814,27.287762817708266,39.827915
815,27.35059709959075,39.834878
816,27.41343138147323,39.848621
817,27.539099945238195,39.855323
818,27.66476850900316,39.862119
819,27.790437072768125,39.867699
820,27.91610563653309,39.873944
821,28.041774200298054,39.897196
822,27.974459763111337,39.910189
823,27.90714532592462,39.929232
824,27.839830888737907,39.954028
825,27.77251645155119,39.960928
826,27.738859232957832,39.967987
827,27.705202014364474,39.974855
828,27.42426095749307,39.984993
829,27.14331990062166,39.998513
830,26.862378843750253,40.01832
831,26.581437786878844,40.024521
832,26.44096725844314,40.038049
833,26.30049673000744,40.045042
834,26.491591651329145,40.051983
835,26.68268657265085,40.094274
836,26.873781493972558,40.106787
837,27.064876415294265,40.113191
838,26.93439673642972,40.150275
839,26.80391705756517,40.187273
840,26.673437378700623,40.228374
841,27.138060567140048,40.241749
842,27.602683755579477,40.24871
843,28.067306944018902,40.255516
844,28.531930132458328,40.26256
845,28.398202479991568,40.282848
846,28.264474827524808,40.290974
847,28.130747175058048,40.303487
848,27.99701952259129,40.315624
849,27.86329187012453,40.334927
850,27.72956421765777,40.341901
851,27.761236265408062,40.355364
852,27.79290831315835,40.375897
853,27.82458036090864,40.389765
854,27.85625240865893,40.403529
855,27.88792445640922,40.417299
856,27.86277198540888,40.424051
857,27.850195749908714,40.430913
858,27.837619514408544,40.470185
859,27.812467043408205,40.476466
860,27.787314572407865,40.491793
861,27.64979931622697,40.4981
862,27.512284060046078,40.504015
863,27.374768803865184,40.51032
864,27.237253547684293,40.541286
865,27.0997382915034,40.547164
866,26.962223035322506,40.559848
867,26.82470777914161,40.565935
868,26.68502584611609,40.572714
869,26.54534391309057,40.578655
870,26.405661980065048,40.585475
871,26.26598004703953,40.595227
872,26.12629811401401,40.614908
873,25.986616180988488,40.635734
874,25.846934247962967,40.649585
875,25.638330748463957,40.663627
876,25.53402899871445,40.676988
877,25.429727248964944,40.684031
878,25.325425499215438,40.693848
879,25.22112374946593,40.700561
880,25.11682199971643,40.72783
881,25.012520249966922,40.734929
882,25.32669851697335,40.748473
883,25.64087678397978,40.775222
884,25.95505505098621,40.802748
885,25.79684421909794,40.81557
886,25.638633387209676,40.834145
887,25.480422555321407,40.848182
888,25.322211723433142,40.860908
889,25.164000891544873,40.88762
890,25.12754633998723,40.903014
891,25.09109178842959,40.908769
892,25.054637236871947,40.939871
893,24.813282422928438,40.946017
894,24.57192760898493,40.959644
895,24.33057279504142,40.97366
896,24.08921798109791,40.980573
897,23.847863167154404,40.987579
898,23.606508353210895,40.994537
899,23.365153539267386,41.000388
900,23.123798725323876,41.00663
901,22.882443911380367,41.019248
902,23.216412310640422,41.064193
903,23.550380709900473,41.07687
904,23.884349109160528,41.083183
905,24.218317508420583,41.089639
906,24.119596433909688,41.099537
907,24.02087535939879,41.105532
908,23.922154284887895,41.118094
909,23.823433210376997,41.130859
910,23.724712135866103,41.149639
911,23.625991061355204,41.162298
912,23.52726998684431,41.175096
913,23.307535077745726,41.181256
914,23.087800168647142,41.203335
915,22.868065259548562,41.228575
916,22.648330350449978,41.272346
917,22.608263880175045,41.278583
918,22.56819740990011,41.30029
919,22.52813093962518,41.306472
920,22.488064469350245,41.312977
921,22.349263917521473,41.318939
922,22.2104633656927,41.331769
923,22.071662813863924,41.358455
924,21.93286226203515,41.365145
925,21.863461986120765,41.372251
926,21.79406171020638,41.393067
927,22.04683358064601,41.414283
928,22.29960545108564,41.435124
929,22.55237732152527,41.454629
930,22.8051491919649,41.461554
931,22.931535127184716,41.482329
932,23.05792106240453,41.509595
933,23.5757179364321,41.52805
934,24.093514810459666,41.552639
935,24.538201626360934,41.58369
936,24.68643056499469,41.596135
937,24.834659503628444,41.602715
938,24.9828884422622,41.623305
939,25.466186979360387,41.629369
940,25.949485516458576,41.662521
941,26.432784053556762,41.694643
942,26.36256999515963,41.709856
943,26.292355936762497,41.722237
944,26.151927819968233,41.728606
945,26.011499703173968,41.753316
946,25.941285644776833,41.759712
947,25.871071586379703,41.766303
948,25.86167263083796,41.773404
949,25.85227367529621,41.787103
950,25.83347576421272,41.80088
951,25.81467785312923,41.834419
952,25.795879942045737,41.840716
953,25.623575611848704,41.852982
954,25.451271281651675,41.859156
955,25.278966951454642,41.865446
956,25.106662621257612,41.871345
957,24.93435829106058,41.884192
958,24.76205396086355,41.903248
959,24.589749630666518,41.938618
960,24.393206700219768,41.944848
961,24.196663769773018,41.951037
962,24.000120839326268,41.963413
963,23.803577908879518,41.975722
964,23.607034978432768,41.988122
965,23.28844161749513,42.000199
966,22.969848256557498,42.00924
967,22.65125489561986,42.052509
968,22.332661534682224,42.07062
969,22.421793960454444,42.095446
970,22.510926386226664,42.101472
971,22.60005881199888,42.116742
972,22.6891912377711,42.135214
973,22.778323663543322,42.147519
974,22.58410804100472,42.154241
975,22.48700022973542,42.161185
976,22.38989241846612,42.174767
977,22.195676795927515,42.193804
978,22.001461173388915,42.206189
979,21.80724555085031,42.23725
980,22.129520029554936,42.243266
981,22.451794508259564,42.249471
982,22.77406898696419,42.255622
983,23.096343465668813,42.273967
984,23.41861794437344,42.286432
985,23.740892423078066,42.29242
986,23.627846877844004,42.305133
987,23.51480133260994,42.314537
988,23.288710242141818,42.321619
989,23.062619151673694,42.334873
990,22.83652806120557,42.366758
991,22.63671537751655,42.385107
992,22.43690269382753,42.417
993,22.23709001013851,42.423728
994,22.03727732644949,42.430588
995,21.83746464276047,42.437636
996,21.963538775637694,42.45129
997,22.089612908514916,42.458263
998,22.341761174269365,42.498014
999,22.46783530714659,42.504166
1000,22.593909440023815,42.510525
1001,22.84605770577826,42.527145
1002,22.64608964095617,42.544999
1003,22.44612157613408,42.551317
1004,22.0461854464899,42.56999
1005,21.64624931684572,42.582259
1006,21.246313187201537,42.594906
1007,21.484327015068455,42.607032
1008,21.72234084293537,42.649381
1009,21.96035467080229,42.663557
1010,23.195332618141656,42.709716
1011,23.40116227603155,42.716779
1012,23.606991933921446,42.737387
1013,23.81282159181134,42.751256
1014,24.018651249701232,42.758054
1015,24.22448090759113,42.764943
1016,24.430310565481022,42.771975
1017,24.79722137991423,42.778827
1018,25.164132194347438,42.799202
1019,25.408739403969577,42.805358
1020,25.65334661359172,42.811202
1021,25.897953823213857,42.832623
1022,25.768008863694398,42.863661
1023,25.638063904174935,42.875971
1024,25.508118944655475,42.882474
1025,25.378173985136016,42.888434
1026,25.514984028725564,42.900912
1027,25.651794072315113,42.929056
1028,25.788604115904658,42.936072
1029,25.925414159494206,42.966575
1030,25.68794924852618,42.972753
1031,25.45048433755815,42.979254
1032,25.213019426590126,42.986065
1033,24.9755545156221,42.993072
1034,24.73808960465407,42.999967
1035,24.500624693686046,43.011924
1036,24.26315978271802,43.024952
1037,24.02569487174999,43.032015
1038,23.906962416265976,43.050182
1039,23.788229960781965,43.056486
1040,23.667478557653194,43.062381
1041,23.546727154524422,43.09348
1042,23.425975751395654,43.099427
1043,23.305224348266883,43.112044
1044,23.244848646702497,43.127044
1045,23.18447294513811,43.139023
1046,23.140212631971057,43.171987
1047,23.095952318804002,43.179129
1048,23.05169200563695,43.185845
1049,23.029561849053422,43.192685
1050,23.007431692469897,43.199554
1051,22.94184726712917,43.20661
1052,22.876262841788442,43.243545
1053,22.83253989156129,43.264135
1054,22.78881694133414,43.271241
1055,22.745093991106987,43.277837
1056,22.840504261545703,43.284851
1057,22.93591453198442,43.291013
1058,23.031324802423136,43.297286
1059,23.126735072861848,43.30937
1060,23.222145343300564,43.315526
1061,23.26985047851992,43.34962
1062,23.31755561373928,43.368294
1063,23.21887839549817,43.380598
1064,23.120201177257062,43.386799
1065,23.02152395901595,43.399346
1066,22.972185349895398,43.405569
1067,22.922846740774844,43.411818
1068,22.824169522533733,43.43228
1069,23.11667501646324,43.466415
1070,23.409180510392744,43.473161
1071,23.70168600432225,43.480025
1072,23.99419149825176,43.493896
1073,24.364979313805446,43.50055
1074,24.735767129359132,43.514512
1075,25.106554944912823,43.537305
1076,25.47734276046651,43.574127
1077,25.265839296893144,43.58663
1078,25.054335833319783,43.592627
1079,24.842832369746418,43.598898
1080,24.631328906173056,43.617703
1081,24.560827751648603,43.632778
1082,24.490326597124145,43.645143
1083,24.41982544259969,43.657654
1084,24.791367015070858,43.663407
1085,24.97713780130644,43.683909
1086,25.162908587542024,43.691019
1087,25.348679373777607,43.725197
1088,25.53445016001319,43.735419
1089,25.413200698460997,43.799501
1090,25.538958492769442,43.813833
1091,25.664716287077887,43.820981
1092,25.790474081386332,43.835449
1093,25.916231875694777,43.894457
1094,26.07781891364764,43.927672
1095,26.239405951600503,43.936411
1096,26.562580027506225,43.942367
1097,26.304738087249714,43.967143
1098,26.046896146993205,43.973314
1099,25.789054206736694,43.986785
1100,25.660133236608438,43.993786
1101,25.531212266480185,44.007024
1102,25.273370326223674,44.013929
1103,25.04120030059279,44.020828
1104,24.80903027496191,44.038002
1105,24.576860249331027,44.044602
1106,24.344690223700145,44.063207
1107,24.112520198069262,44.069119
1108,23.88035017243838,44.081341
1109,23.648180146807498,44.09376
1110,23.56276741996342,44.106164
1111,23.477354693119345,44.130942
1112,23.391941966275272,44.152348
1113,23.306529239431196,44.182982
1114,23.241529139553982,44.195449
1115,23.17652903967677,44.208268
1116,23.111528939799555,44.214227
1117,23.046528839922345,44.226648
1118,22.981528740045132,44.232803
1119,22.91652864016792,44.260621
1120,23.210550229134626,44.278855
1121,23.504571818101333,44.285057
1122,23.79859340706804,44.297484
1123,24.092614996034747,44.303636
1124,24.190622192356983,44.309874
1125,24.28862938867922,44.315991
1126,24.386636585001455,44.32216
1127,24.384584458925637,44.334656
1128,24.382532332849824,44.349861
1129,24.380480206774006,44.35635
1130,24.378428080698193,44.362391
1131,24.376375954622375,44.388048
1132,24.46047759802339,44.394131
1133,24.544579241424408,44.406089
1134,24.586630063124915,44.412349
1135,24.62868088482542,44.418818
1136,24.712782528226438,44.43768
1137,24.754833349926948,44.446965
1138,24.796884171627454,44.491246
1139,25.02113870267904,44.497197
1140,25.245393233730624,44.516173
1141,25.469647764782213,44.537262
1142,25.693902295833798,44.544017
1143,25.53041551597225,44.558585
1144,25.3669287361107,44.571381
1145,25.203441956249154,44.577127
1146,25.039955176387604,44.589559
1147,24.876468396526057,44.595728
1148,24.712981616664507,44.608121
1149,24.631238226733736,44.621946
1150,24.54949483680296,44.628457
1151,24.63166783838078,44.642354
1152,24.713840839958596,44.649334
1153,24.754927340747507,44.656028
1154,24.796013841536418,44.66276
1155,24.878186843114236,44.669597
1156,24.919273343903143,44.682093
1157,24.960359844692054,44.688818
1158,24.928285991729386,44.70259
1159,24.917594707408497,44.70929
1160,24.90690342308761,44.737084
1161,24.89621213876672,44.74359
1162,24.864138285804053,44.767662
1163,25.39060625582605,44.794575
1164,25.917074225848044,44.825605
1165,26.44354219587004,44.838069
1166,26.39551284269174,44.844378
1167,26.34748348951344,44.850634
1168,26.29945413633514,44.865458
1169,26.155366076800235,44.89035
1170,26.011278017265333,44.908726
1171,25.86718995773043,44.927525
1172,26.06348971447248,44.939345
1173,26.259789471214535,44.988997
1174,26.3872369588235,44.99505
1175,26.51468444643247,45.007325
1176,26.642131934041434,45.013472
1177,26.7695794216504,45.019839
1178,26.897026909259363,45.032105
1179,27.024474396868328,45.038201
1180,27.151921884477296,45.050604
1181,27.215645628281777,45.069338
1182,27.27936937208626,45.075457
1183,27.021232821716357,45.081765
1184,26.892164546531404,45.106559
1185,26.763096271346456,45.112689
1186,26.50495972097655,45.125867
1187,26.246823170606646,45.146234
1188,26.26742547249545,45.153309
1189,26.288027774384254,45.160196
1190,26.308630076273058,45.193534
1191,26.329232378161862,45.199787
1192,26.349834680050666,45.206047
1193,26.37043698193947,45.212873
1194,26.26497856050277,45.219473
1195,26.15952013906607,45.233144
1196,26.05406171762937,45.239028
1197,25.94860329619267,45.245239
1198,25.84314487475597,45.260373
1199,25.73768645331927,45.272955
1200,25.63222803188257,45.279027
1201,25.52676961044587,45.285332
1202,25.42131118900917,45.291773
1203,25.418430292719474,45.303912
1204,25.415549396429775,45.323847
1205,25.41266850014008,45.337792
1206,25.40978760385038,45.3436
1207,25.406906707560683,45.349846
1208,25.404025811270984,45.356397
1209,25.401144914981288,45.370542
1210,25.584799600866727,45.37719
1211,25.768454286752167,45.398143
1212,25.952108972637603,45.418604
1213,26.135763658523043,45.450867
1214,26.559047422536022,45.466261
1215,26.982331186549,45.472083
1216,27.40561495056198,45.515386
1217,27.298102779435506,45.521551
1218,27.190590608309034,45.527933
1219,27.08307843718256,45.534019
1220,26.975566266056084,45.540159
1221,26.86805409492961,45.552784
1222,26.76054192380314,45.568339
1223,26.706785838239902,45.580318
1224,26.653029752676666,45.586571
1225,26.59927366711343,45.620131
1226,26.545517581550193,45.632968
1227,25.67440498708436,45.64599
1228,24.803292392618523,45.669153
1229,24.838524847236123,45.676135
1230,24.873757301853722,45.683188
1231,24.944222211088917,45.689757
1232,25.014687120324112,45.70892
1233,25.04991957494171,45.715108
1234,25.08515202955931,45.721148
1235,25.15561693879451,45.727268
1236,25.226081848029704,45.739801
1237,25.084075128570603,45.746137
1238,24.942068409111506,45.75211
1239,24.800061689652406,45.783078
1240,24.729058329922857,45.80195
1241,24.65805497019331,45.808163
1242,24.58705161046376,45.814824
1243,24.516048250734208,45.821689
1244,24.603401267884195,45.835415
1245,24.690754285034185,45.84238
1246,24.865460319334165,45.886711
1247,25.04016635363414,45.900078
1248,25.025002260897857,45.912949
1249,25.00983816816157,45.918782
1250,25.002256121793426,45.924956
1251,24.994674075425284,45.943619
1252,24.979509982689,45.950019
1253,24.96434588995271,45.962133
1254,24.949181797216426,45.981681
1255,24.87472796253646,45.988676
1256,24.800274127856497,45.995182
1257,24.72582029317653,46.002252
1258,24.651366458496565,46.023132
1259,24.5769126238166,46.042271
1260,24.35048437805117,46.055464
1261,24.12405613228574,46.062071
1262,23.89762788652031,46.079168
1263,23.671199640754878,46.099616
1264,23.44477139498945,46.10653
1265,23.21834314922402,46.11241
1266,23.070541370593073,46.125195
1267,22.922739591962127,46.138755
1268,22.77493781333118,46.153019
1269,22.627136034700236,46.173551
1270,22.47933425606929,46.180516
1271,22.331532477438344,46.187365
1272,22.387269533895875,46.19425
1273,22.443006590353406,46.207963
1274,22.498743646810937,46.235343
1275,22.55448070326847,46.242113
1276,22.610217759726,46.255784
1277,22.665954816183532,46.276443
1278,22.70329143530034,46.282861
1279,22.740628054417147,46.317563
1280,22.77796467353395,46.329391
1281,22.81530129265076,46.33555
1282,22.833969602209162,46.360546
1283,22.852637911767566,46.366971
1284,22.52063956926985,46.372999
1285,22.188641226772134,46.379054
1286,22.022642055523274,46.395387
1287,21.856642884274414,46.402192
1288,21.69064371302556,46.408973
1289,21.5246445417767,46.416231
1290,21.382824084981422,46.42336
1291,21.241003628186146,46.430563
1292,21.09918317139087,46.451575
1293,20.957362714595597,46.458935
1294,20.81554225780032,46.465785
1295,20.673721801005044,46.484703
1296,20.531901344209768,46.497623
1297,20.491719584047193,46.522099
1298,20.471628703965905,46.54137
1299,20.451537823884617,46.559999
1300,20.411356063722042,46.587579
1301,20.53540421894752,46.606212
1302,20.659452374172997,46.66241
1303,21.032081676505648,46.674459
1304,21.404710978838303,46.680944
1305,21.777340281170954,46.716487
1306,21.873997091064574,46.729404
1307,21.970653900958197,46.735557
1308,22.067310710851817,46.747723
1309,22.163967520745437,46.754024
1310,22.550594760319925,46.778792
1311,22.67947050684475,46.803903
1312,22.80834625336958,46.816305
1313,22.93722199989441,46.828559
1314,24.154179338054433,46.840913
1315,24.762658007134444,46.872601
1316,25.371136676214455,46.878873
1317,25.424621439032055,46.885158
1318,25.44244969330459,46.894369
1319,25.460277947577122,46.921682
1320,25.478106201849656,46.933729
1321,25.531590964667256,46.939829
1322,25.407199256549774,46.946202
1323,25.282807548432295,46.964568
1324,25.158415840314813,46.970716
1325,25.03402413219733,46.976799
1326,24.90963242407985,46.98312
1327,24.785240715962367,46.99829
1328,24.723044861903627,47.00466
1329,24.660849007844888,47.011628
1330,24.536457299727406,47.018382
1331,24.909835043883987,47.032605
1332,25.283212788040572,47.046308
1333,25.656590532197157,47.059871
1334,25.84327940427545,47.087212
1335,26.02996827635374,47.110366
1336,25.802792241391767,47.116524
1337,25.575616206429796,47.134965
1338,25.348440171467825,47.148173
1339,25.121264136505854,47.161894
1340,24.894088101543883,47.182567
1341,24.797043788206256,47.189442
1342,24.699999474868633,47.21311
1343,24.602955161531007,47.233367
1344,24.50591084819338,47.240372
1345,24.385470883860833,47.25415
1346,24.26503091952829,47.261208
1347,24.144590955195746,47.288784
1348,24.0241509908632,47.323203
1349,23.72866958468325,47.329268
1350,23.433188178503304,47.33552
1351,23.137706772323355,47.341423
1352,22.84222536614341,47.347786
1353,22.54674395996346,47.36025
1354,22.399003256873485,47.366599
1355,22.251262553783512,47.372879
1356,21.955781147603567,47.379275
1357,21.808040444513594,47.401068
1358,21.660299741423618,47.421932
1359,23.00087652251582,47.428803
1360,23.671164913061922,47.442904
1361,24.341453303608024,47.469991
1362,24.273964539473464,47.503359
1363,24.206475775338905,47.509473
1364,24.13898701120435,47.515721
1365,24.07149824706979,47.528113
1366,24.00400948293523,47.534468
1367,23.936520718800672,47.546713
1368,24.10448973709454,47.552821
1369,24.272458755388406,47.56528
1370,24.60839679197614,47.596305
1371,24.944334828563875,47.605661
1372,25.02831933771081,47.624141
1373,25.112303846857742,47.630204
1374,25.196288356004676,47.636419
1375,25.28027286515161,47.642619
1376,25.351140461665494,47.648838
1377,25.42200805817938,47.661228
1378,25.492875654693265,47.679358
1379,25.563743251207153,47.685619
1380,25.705478444234924,47.691878
1381,25.86519028920338,47.697973
1382,25.905118250445494,47.706929
1383,25.94504621168761,47.713848
1384,25.984974172929725,47.734379
1385,26.02490213417184,47.741654
1386,26.184613979140295,47.748354
1387,26.237851260796447,47.762507
1388,26.2910885424526,47.769175
1389,26.34432582410875,47.775269
1390,26.336622381346736,47.781429
1391,26.332770659965725,47.787391
1392,26.328918938584717,47.793547
1393,26.326993077894212,47.799694
1394,26.32506721720371,47.815257
1395,26.323141356513204,47.821274
1396,26.3212154958227,47.827546
1397,26.313512053060684,47.839789
1398,26.49168747751024,47.85841
1399,26.669862901959792,47.877097
1400,26.848038326409345,47.889318
1401,27.0262137508589,47.895444
1402,27.38256459975801,47.901713
1403,27.738915448657117,47.914169
1404,27.534518759043728,47.926235
1405,27.330122069430335,47.932521
1406,27.125725379816945,47.957382
1407,26.921328690203552,47.985011
1408,26.716932000590162,47.991949
1409,26.93565568907269,48.008783
1410,27.045017533313953,48.029353
1411,27.154379377555216,48.043337
1412,27.373103066037746,48.055588
1413,27.48246491027901,48.074415
1414,27.591826754520273,48.13925
1415,27.403823608714617,48.146341
1416,27.21582046290896,48.153056
1417,27.027817317103306,48.160018
1418,26.839814171297654,48.16678
1419,26.651811025491998,48.18508
1420,26.463807879686343,48.191444
1421,26.275804733880687,48.198204
1422,26.181803160977857,48.214511
1423,26.08780158807503,48.221323
1424,25.89446177470712,48.233854
1425,25.701121961339208,48.246196
1426,25.507782147971298,48.252597
1427,25.41111224128734,48.271741
1428,25.314442334603385,48.285714
1429,25.121102521235475,48.29255
1430,25.1433489588605,48.299524
1431,25.154472177673014,48.316113
1432,25.165595396485525,48.32294
1433,25.18784183411055,48.343708
1434,25.21008827173557,48.35058
1435,25.232334709360597,48.357295
1436,25.254581146985622,48.371105
1437,25.24978871216225,48.378151
1438,25.24499627733888,48.390118
1439,25.24020384251551,48.417877
1440,25.23541140769214,48.424554
1441,25.23061897286877,48.456763
1442,25.424079394273697,48.477675
1443,25.617539815678626,48.503004
1444,25.811000237083555,48.509919
1445,26.004460658488483,48.520209
1446,25.889510286802665,48.526919
1447,25.774559915116846,48.533803
1448,25.659609543431024,48.547652
1449,25.544659171745206,48.560761
1450,25.429708800059387,48.566926
1451,25.314758428373565,48.573202
1452,25.199808056687747,48.585785
1453,25.08485768500193,48.592367
1454,24.903195258713428,48.599224
1455,24.721532832424927,48.605974
1456,24.630701619280675,48.613033
1457,24.539870406136423,48.622667
1458,24.358207979847922,48.629684
1459,24.17654555355942,48.648648
1460,23.994883127270917,48.654966
1461,23.813220700982416,48.661261
1462,23.631558274693916,48.673348
1463,23.764558009619915,48.679438
1464,23.897557744545914,48.685542
1465,24.030557479471913,48.691651
1466,24.074890724447247,48.703865
1467,24.119223969422578,48.710366
1468,24.163557214397912,48.730502
1469,24.29655694932391,48.750973
1470,24.743652876325637,48.772208
1471,25.190748803327363,48.778882
1472,25.637844730329093,48.785755
1473,26.08494065733082,48.792685
1474,26.532036584332545,48.799531
1475,27.64977640183686,48.806447
1476,28.767516219341175,48.828744
1477,28.812673732001475,48.834562
1478,28.857831244661774,48.853423
1479,28.90298875732207,48.865536
1480,28.94814626998237,48.878058
1481,29.038461295302966,48.884714
1482,29.128776320623565,48.891689
1483,28.96731386061729,48.926663
1484,28.80585140061101,48.933586
1485,28.64438894060473,48.947503
1486,28.563657710601593,48.968281
1487,28.482926480598454,48.974974
1488,28.651143659596123,48.988964
1489,28.81936083859379,49.009624
1490,28.98757801759146,49.023173
1491,29.15579519658913,49.044193
1492,29.086163149183257,49.05767
1493,29.01653110177738,49.071912
1494,28.946899054371507,49.085971
1495,28.877267006965635,49.1132
1496,28.773694421264143,49.135537
1497,28.670121835562647,49.142884
1498,28.566549249861154,49.155345
1499,28.46297666415966,49.167323
1500,28.35940407845817,49.173721
1501,28.255831492756673,49.186285
1502,28.15225890705518,49.199074
1503,28.193808121484043,49.205058
1504,28.214582728698474,49.217644
1505,28.23535733591291,49.224356
1506,28.27690655034177,49.244973
1507,28.318455764770636,49.251263
1508,28.3600049791995,49.263447
1509,28.25564514490012,49.270117
1510,28.15128531060074,49.283958
1511,27.942565642001984,49.290836
1512,27.733845973403227,49.297645
1513,27.525126304804473,49.304717
1514,27.316406636205716,49.31049
1515,27.10768696760696,49.331889
1516,26.898967299008202,49.338332
1517,27.047821897745003,49.344427
1518,27.1966764964818,49.350822
1519,27.3455310952186,49.369165
1520,27.494385693955397,49.406445
1521,27.643240292692198,49.412554
1522,27.429008078549188,49.424686
1523,27.214775864406178,49.440333
1524,27.00054365026317,49.446233
1525,26.78631143612016,49.458952
1526,26.57207922197715,49.464914
1527,26.357847007834145,49.477426
1528,26.143614793691135,49.484114
1529,25.929382579548125,49.490757
1530,25.845064738827194,49.497866
1531,25.760746898106262,49.504528
1532,25.676429057385334,49.511597
1533,25.592111216664403,49.518413
1534,25.50779337594347,49.53491
1535,25.42347553522254,49.542025
1536,25.339157694501612,49.548932
1537,25.25483985378068,49.555789
1538,25.212680933420216,49.569298
1539,25.17052201305975,49.601202
1540,25.335674823333097,49.607519
1541,25.500827633606445,49.620005
1542,25.58340403874312,49.635675
1543,25.665980443879793,49.641862
1544,26.323277416853344,49.648028
1545,26.48760166009673,49.679449
1546,26.651925903340118,49.69787
1547,26.816250146583506,49.710889
1548,26.98057438982689,49.717615
1549,27.136857886734646,49.731336
1550,27.293141383642403,49.738441
1551,27.397330381580907,49.752058
1552,27.50151937951941,49.772445
1553,27.605708377457916,49.786138
1554,27.76199187436567,49.793198
1555,27.918275371273428,49.806409
1556,27.97025376919814,49.820377
1557,27.996242968160495,49.837419
1558,28.02223216712285,49.8441
1559,28.074210565047565,49.851009
1560,28.091536697689136,49.858119
1561,28.108862830330708,49.892355
1562,28.12618896297228,49.899408
1563,28.100707118002465,49.906077
1564,28.07522527303265,49.913201
1565,28.049743428062833,49.918886
1566,28.02426158309302,49.924874
1567,27.998779738123204,49.931303
1568,27.97329789315339,49.940532
1569,27.83132667911043,49.954434
1570,27.689355465067468,49.968249
1571,27.54738425102451,49.982011
1572,27.40541303698155,49.995519
1573,27.26344182293859,50.009678
1574,27.121470608895628,50.015434
1575,26.844851855108026,50.02164
1576,26.568233101320423,50.034472
1577,26.014995593745223,50.044447
1578,25.461758086170022,50.051769
1579,25.277345583644955,50.063839
1580,25.092933081119885,50.082602
1581,24.908520578594818,50.089221
1582,24.950248455917315,50.095013
1583,24.991976333239812,50.107596
1584,25.03370421056231,50.113681
1585,25.075432087884806,50.146857
1586,25.117159965207303,50.153789
1587,25.1588878425298,50.16038
1588,25.200615719852298,50.167474
1589,25.265582318055433,50.174115
1590,25.33054891625857,50.194701
1591,25.395515514461707,50.201395
1592,25.46048211266484,50.253256
1593,25.183956136769574,50.260013
1594,24.907430160874302,50.267059
1595,24.63090418497903,50.274086
1596,24.354378209083762,50.280896
1597,24.077852233188494,50.287913
1598,23.801326257293223,50.315394
1599,24.14413830369907,50.328893
1600,24.48695035010492,50.335844
1601,24.829762396510766,50.34285
1602,25.172574442916616,50.349625
1603,25.34398046611954,50.38406
1604,25.515386489322463,50.397967
1605,25.19470555114385,50.411325
1606,24.87402461296524,50.432021
1607,24.55334367478663,50.445868
1608,24.232662736608017,50.452733
1609,23.911981798429405,50.459393
1610,23.7516413293401,50.473108
1611,23.591300860250794,50.480249
1612,24.014246988723002,50.500793
1613,24.437193117195214,50.507476
1614,24.860139245667426,50.514352
1615,25.283085374139635,50.547839
1616,25.279136110815642,50.556811
1617,25.27518684749165,50.576463
1618,25.273212215829652,50.58911
1619,25.271237584167658,50.601911
1620,25.267288320843665,50.608646
1621,25.263339057519673,50.633716
1622,26.478666948004985,50.662163
1623,27.08633089324764,50.686447
1624,27.693994838490294,50.692733
1625,27.594580303675638,50.706016
1626,27.49516576886098,50.719833
1627,27.395751234046323,50.726651
1628,27.296336699231667,50.73345
1629,27.19692216441701,50.739392
1630,27.09750762960235,50.746312
1631,27.047800362195023,50.755878
1632,26.998093094787695,50.76267
1633,27.139996161869355,50.782289
1634,27.281899228951016,50.78863
1635,27.31737499572143,50.808952
1636,27.352850762491848,50.815992
1637,27.38832652926226,50.821818
1638,27.423802296032676,50.857011
1639,27.40931624972464,50.869086
1640,27.394830203416607,50.881249
1641,27.380344157108574,50.887916
1642,27.365858110800538,50.894736
1643,27.3513720644925,50.901688
1644,27.33688601818447,50.929393
1645,27.209742300153344,50.943113
1646,27.082598582122216,50.95289
1647,26.95545486409109,50.966616
1648,26.828311146059967,50.973612
1649,26.701167428028842,50.980184
1650,26.574023709997714,50.987183
1651,26.51045185098215,50.993743
1652,26.44687999196659,51.007664
1653,26.243249272375888,51.020283
1654,26.03961855278519,51.026986
1655,25.835987833194487,51.07344
1656,25.92177678341785,51.100924
1657,26.00756573364121,51.107893
1658,26.093354683864575,51.114529
1659,26.17914363408794,51.121442
1660,26.264932584311303,51.128196
1661,26.350721534534664,51.135043
1662,26.436510484758028,51.152438
1663,26.87500801442856,51.166149
1664,27.313505544099094,51.172933
1665,27.752003073769625,51.186705
1666,28.190500603440157,51.226487
1667,28.25886569696569,51.240119
1668,28.327230790491218,51.256671
1669,28.39559588401675,51.263796
1670,28.46396097754228,51.270599
1671,28.53232607106781,51.289242
1672,28.70689081916363,51.295619
1673,28.881455567259447,51.30198
1674,29.056020315355262,51.329208
1675,29.23058506345108,51.349168
1676,29.4051498115469,51.371925
1677,29.424912727693048,51.377901
1678,29.4446756438392,51.396269
1679,29.464438559985354,51.414698
1680,29.484201476131503,51.426861
1681,29.503964392277652,51.433072
1682,29.523727308423805,51.445642
1683,29.50866870613347,51.451853
1684,29.493610103843135,51.467099
1685,29.4785515015528,51.480697
1686,29.463492899262462,51.487482
1687,29.448434296972128,51.501421
1688,29.433375694681793,51.520419
1689,29.41541174058913,51.526316
1690,29.39744778649646,51.539859
1691,29.379483832403793,51.546667
1692,29.361519878311128,51.553503
1693,29.343555924218464,51.563434
1694,29.325591970125796,51.570345
1695,29.307628016033128,51.577329
1696,29.289664061940464,51.60395
1697,29.224197717733137,51.610169
1698,29.158731373525814,51.616362
1699,29.093265029318488,51.622322
1700,29.02779868511116,51.63469
1701,28.962332340903835,51.64093
1702,28.896865996696512,51.654376
1703,28.831399652489186,51.669646
1704,28.84821380503842,51.676053
1705,28.85381852255483,51.682856
1706,28.85942324007124,51.700921
1707,28.86502795758765,51.712972
1708,28.881842110136883,51.719382
1709,28.898656262686114,51.72562
1710,28.904260980202526,51.732044
1711,28.909865697718935,51.738633
1712,28.915470415235347,51.745862
1713,29.011909629342398,51.760311
1714,29.060129236395923,51.768742
1715,29.10834884344945,51.774889
1716,29.156568450502974,51.781437
1717,29.2047880575565,51.787503
1718,29.236934462258848,51.793674
1719,29.2690808669612,51.806183
1720,29.30122727166355,51.812373
1721,29.225864761593428,51.818779
1722,29.150502251523307,51.83241
1723,29.075139741453185,51.839196
1724,29.037458486418124,51.84646
1725,28.999777231383067,51.869845
1726,28.924414721312946,51.882377
1727,28.849052211242824,51.888587
1728,28.64211276093426,51.907705
1729,28.435173310625693,51.913668
1730,28.228233860317125,51.925911
1731,28.02129441000856,51.938624
1732,27.814354959699997,51.94469
1733,27.60741550939143,51.9509
1734,27.400476059082862,51.957295
1735,27.1935366087743,51.984837
1736,26.932450861503533,51.991186
1737,26.671365114232767,51.99704
1738,26.410279366961998,52.009472
1739,26.149193619691232,52.027906
1740,26.018650746055847,52.034038
1741,25.888107872420466,52.040492
1742,25.717887227317288,52.046199
1743,25.54766658221411,52.058531
1744,25.37744593711093,52.087713
1745,25.207225292007752,52.101937
1746,25.037004646904574,52.129075
1747,24.748225018628887,52.136158
1748,24.4594453903532,52.143078
1749,24.170665762077515,52.156438
1750,23.881886133801828,52.18345
1751,23.59310650552614,52.208038
1752,23.561109507605583,52.214305
1753,23.529112509685024,52.220396
1754,23.49711551176447,52.226467
1755,23.465118513843912,52.238814
1756,23.433121515923354,52.250982
1757,23.417123016963075,52.257644
1758,23.401124518002796,52.264464
1759,23.317276934253492,52.271489
1760,23.23342935050419,52.278525
1761,23.149581766754885,52.285102
1762,23.06573418300558,52.305568
1763,22.981886599256274,52.312716
1764,22.89803901550697,52.326532
1765,22.814191431757667,52.3332
1766,22.730343848008363,52.346908
1767,22.734561290976934,52.353758
1768,22.73877873394551,52.360716
1769,22.747213619882654,52.367682
1770,22.7556485058198,52.382774
1771,22.764083391756945,52.395471
1772,22.77251827769409,52.409017
1773,22.780953163631235,52.421223
1774,22.803598657366653,52.433702
1775,22.826244151102074,52.452585
1776,22.84888964483749,52.459464
1777,22.87153513857291,52.466499
1778,22.89418063230833,52.481633
1779,22.91682612604375,52.487891
1780,22.828284865961198,52.522068
1781,22.739743605878648,52.534151
1782,22.651202345796094,52.540732
1783,22.562661085713543,52.546551
1784,22.518390455672268,52.558965
1785,22.474119825630993,52.56503
1786,22.519064012682335,52.571454
1787,22.564008199733678,52.578066
1788,22.60895238678502,52.585161
1789,22.653896573836363,52.605584
1790,22.676368667362034,52.61231
1791,22.698840760887705,52.638059
1792,23.16075930533542,52.656194
1793,23.39171857755928,52.662482
1794,23.622677849783138,52.677727
1795,24.084596394230857,52.698039
1796,24.546514938678573,52.718716
1797,24.63674799950958,52.725373
1798,24.659306264717333,52.732132
1799,24.681864529925086,52.73897
1800,24.70442279513284,52.745961
1801,24.72698106034059,52.752687
1802,24.817214121171602,52.766186
1803,24.839772386379355,52.772939
1804,24.862330651587108,52.780044
1805,24.884888916794857,52.807925
1806,24.90744718200261,52.814594
1807,24.793114119102697,52.821557
1808,24.67878105620278,52.828423
1809,24.450114930402954,52.842373
1810,24.335781867503037,52.863437
1811,24.221448804603124,52.893864
1812,24.339370107166296,52.900931
1813,24.457291409729464,52.927348
1814,24.575212712292636,52.940668
1815,24.24431079545036,52.954443
1816,23.913408878608085,52.961237
1817,23.58250696176581,52.994724
1818,23.251605044923533,53.000786
1819,22.920703128081257,53.006802
1820,22.755252169660118,53.013118
1821,22.58980121123898,53.0194
1822,22.369867281371278,53.025864
1823,22.149933351503574,53.032827
1824,21.92999942163587,53.046696
1825,21.71006549176817,53.060712
1826,21.600098526834316,53.07427
1827,21.490131561900466,53.083197
1828,21.380164596966615,53.089385
1829,21.27019763203276,53.101973
1830,21.369014460105188,53.107839
1831,21.467831288177614,53.114104
1832,21.566648116250043,53.120493
1833,21.66546494432247,53.126365
1834,21.764281772394895,53.15871
1835,21.86309860046732,53.171672
1836,21.78371459402521,53.178031
1837,21.704330587583094,53.190134
1838,21.624946581140982,53.196349
1839,21.54556257469887,53.202139
1840,21.46617856825676,53.208413
1841,21.386794561814643,53.220765
1842,21.30741055537253,53.251507
1843,21.625718364830217,53.257495
1844,21.9440261742879,53.275583
1845,22.262333983745584,53.290947
1846,22.421487888474427,53.303156
1847,22.58064179320327,53.315572
1848,22.616496738029724,53.321768
1849,22.652351682856175,53.340512
1850,22.68820662768263,53.346844
1851,22.72406157250908,53.387057
1852,22.759916517335533,53.399279
1853,22.691548632653635,53.411747
1854,22.62318074797174,53.424757
1855,22.554812863289847,53.431718
1856,22.48644497860795,53.43849
1857,22.41807709392605,53.445332
1858,22.349709209244157,53.452456
1859,22.281341324562263,53.459193
1860,22.212973439880365,53.466204
1861,22.949566014813144,53.489013
1862,23.686158589745922,53.509454
1863,24.054454877212315,53.523228
1864,24.422751164678704,53.535384
1865,25.159343739611483,53.548097
1866,25.14950694097238,53.554441
1867,25.139670142333273,53.561123
1868,25.134751743013723,53.581184
1869,25.12983334369417,53.59118
1870,25.126554410814467,53.603044
1871,25.12327547793477,53.615366
1872,25.119996545055066,53.621371
1873,25.332775265464285,53.627522
1874,25.545553985873507,53.633777
1875,25.758332706282726,53.652394
1876,26.396668867510385,53.664933
1877,27.035005028738045,53.699215
1878,27.299668377021835,53.719551
1879,27.56433172530562,53.732445
1880,27.65255284140022,53.738397
1881,27.740773957494813,53.744399
1882,27.82899507358941,53.762768
1883,27.529084307104075,53.769083
1884,27.229173540618742,53.781243
1885,26.929262774133406,53.787492
1886,26.77930739089074,53.802768
1887,26.629352007648073,53.809141
1888,26.55437431602674,53.815583
1889,26.479396624405403,53.82178
1890,26.404418932784072,53.835608
1891,26.329441241162737,53.842539
1892,26.448086510950414,53.856099
1893,26.566731780738092,53.863032
1894,26.68537705052577,53.898368
1895,26.804022320313447,53.904189
1896,26.922667590101124,53.916487
1897,26.712644882542143,53.92266
1898,26.50262217498316,53.953236
1899,26.29259946742418,53.9595
1900,26.082576759865198,53.965767
1901,25.977565406085706,53.97225
1902,25.872554052306214,53.978167
1903,25.767542698526725,53.990546
1904,25.662531344747233,54.012199
1905,26.266613265364235,54.058058
1906,26.87069518598124,54.064168
1907,26.72404002629003,54.070839
1908,26.57738486659882,54.077737
1909,26.430729706907613,54.102493
1910,26.284074547216402,54.121993
1911,26.137419387525192,54.128073
1912,25.99076422783398,54.153524
1913,26.064812628064907,54.167271
1914,26.13886102829583,54.173197
1915,26.286957828757675,54.185514
1916,26.435054629219522,54.191796
1917,26.58315142968137,54.210231
1918,26.731248230143215,54.216254
1919,26.532759756487536,54.2224
1920,26.334271282831857,54.235134
1921,26.135782809176177,54.241883
1922,25.937294335520498,54.254031
1923,25.738805861864815,54.260333
1924,25.540317388209136,54.272601
1925,25.341828914553457,54.27908
1926,25.143340440897777,54.286056
1927,24.944851967242098,54.307731
1928,24.96897778886045,54.313988
1929,24.9931036104788,54.326662
1930,25.017229432097153,54.332706
1931,25.041355253715505,54.34645
1932,25.065481075333857,54.36015
1933,25.08960689695221,54.381667
1934,25.22119554612965,54.411579
1935,25.352784195307095,54.423802
1936,25.48437284448454,54.436317
1937,25.550167169073262,54.442625
1938,25.61596149366198,54.456491
1939,25.75648771357398,54.463206
1940,25.826750823529977,54.484568
1941,25.897013933485976,54.491816
1942,26.037540153397973,54.523011
1943,25.768417541891516,54.536965
1944,25.63385623613829,54.564835
1945,25.499294930385062,54.577025
1946,25.230172318878605,54.595254
1947,25.157307998710266,54.601507
1948,25.084443678541923,54.60783
1949,25.01157935837358,54.620643
1950,24.938715038205242,54.634719
1951,24.90228287812107,54.641481
1952,24.865850718036903,54.647164
1953,24.79298639786856,54.683863
1954,24.93351097754742,54.69628
1955,24.968642122467134,54.702578
1956,25.003773267386848,54.711717
1957,25.038904412306564,54.717999
1958,25.074035557226278,54.730301
1959,25.144297847065708,54.736314
1960,25.21456013690514,54.748627
1961,25.22210346379311,54.773546
1962,25.22964679068108,54.779876
1963,25.237190117569053,54.792272
1964,25.244733444457026,54.804855
1965,25.252276771344995,54.813943
1966,25.259820098232968,54.826469
1967,25.451874859242846,54.832317
1968,25.643929620252724,54.838539
1969,25.8359843812626,54.851635
1970,26.02803914227248,54.872782
1971,26.220093903282358,54.893215
1972,26.31424705746745,54.900182
1973,26.40840021165255,54.91701
1974,26.50255336583764,54.922667
1975,26.596706520022735,54.941441
1976,26.690859674207832,54.9619
1977,26.785012828392926,54.982793
1978,26.670463053471785,54.989768
1979,26.613188166011216,55.003649
1980,26.555913278550648,55.017861
1981,26.441363503629507,55.023511
1982,26.32681372870837,55.036804
1983,26.21226395378723,55.048912
1984,26.306905829983293,55.068567
1985,26.401547706179358,55.086941
1986,26.496189582375425,55.099031
1987,26.59083145857149,55.105291
1988,26.685473334767554,55.121058
1989,26.631052935029626,55.12686
1990,26.576632535291697,55.151519
1991,26.52221213555377,55.170019
1992,26.46779173581584,55.176159
1993,26.413371336077912,55.200941
1994,26.599281913972796,55.207353
1995,26.69223720292024,55.213199
1996,26.78519249186768,55.222817
1997,26.971103069762563,55.22953
1998,27.15701364765745,55.242546
1999,27.342924225552334,55.248803
2000,27.528834803447218,55.273412
2001,27.364891053119695,55.279742
2002,27.200947302792176,55.286092
2003,27.037003552464654,55.292447
2004,26.873059802137135,55.298399
2005,26.818411885361293,55.33229
2006,26.763763968585454,55.338526
2007,26.709116051809612,55.344735
2008,26.61920903908297,55.351002
2009,26.529302026356333,55.363169
2010,26.439395013629692,55.383013
2011,26.34948800090305,55.389757
2012,26.25958098817641,55.395886
2013,26.16967397544977,55.402576
2014,26.07976696272313,55.409331
2015,25.98985994999649,55.416441
2016,26.18705843651385,55.422143
2017,26.38425692303121,55.453269
2018,26.58145540954857,55.471632
2019,26.77865389606593,55.483799
2020,26.97585238258329,55.53626
2021,27.789969456451736,55.542364
2022,28.604086530320185,55.567404
2023,28.485629384023294,55.579753
2024,28.367172237726404,55.58614
2025,28.307943664577962,55.592228
2026,28.248715091429517,55.605355
2027,28.189486518281072,55.619226
2028,28.130257945132627,55.626277
2029,28.011800798835736,55.633034
2030,27.893343652538846,55.639897
2031,27.680572768404936,55.646963
2032,27.467801884271026,55.665627
2033,27.255031000137116,55.6725
2034,27.148645558070157,55.679183
2035,27.042260116003202,55.686115
2036,26.829489231869292,55.711311
2037,26.776296510835813,55.71758
2038,26.723103789802337,55.732927
2039,26.66991106876886,55.738855
2040,26.616718347735382,55.745149
2041,26.601490751179824,55.751452
2042,26.586263154624262,55.757347
2043,26.555807961513146,55.769939
2044,26.525352768402026,55.782183
2045,26.494897575290906,55.788388
2046,26.385119479366846,55.80075
2047,26.275341383442786,55.806791
2048,26.220452335480758,55.813277
2049,26.165563287518726,55.834293
2050,26.05578519159467,55.840555
2051,25.94600709567061,55.846946
2052,25.83622899974655,55.852919
2053,25.72645090382249,55.87158
2054,25.596228364567057,55.87769
2055,25.46600582531163,55.896167
2056,25.3357832860562,55.915091
2057,25.20556074680077,55.921311
2058,25.07533820754534,55.94909
2059,25.22390858913282,55.95525
2060,25.372478970720298,55.961189
2061,25.521049352307777,55.986286
2062,25.669619733895253,55.998276
2063,25.818190115482732,56.010647
2064,25.96676049707021,56.023532
2065,25.952462897317055,56.060969
2066,25.9381652975639,56.067923
2067,25.92386769781074,56.074458
2068,25.909570098057582,56.088446
2069,25.81943810195445,56.115643
2070,25.729306105851315,56.122562
2071,25.639174109748183,56.136316
2072,25.54904211364505,56.143218
2073,25.45891011754192,56.150121
2074,25.368778121438783,56.156221
2075,25.27864612533565,56.168554
2076,25.09887060311889,56.174667
2077,24.91909508090213,56.186736
2078,24.73931955868537,56.193061
2079,24.649431797576987,56.205351
2080,24.55954403646861,56.21128
2081,24.37976851425185,56.217271
2082,24.19999299203509,56.223523
2083,24.02021746981833,56.229382
2084,23.84044194760157,56.238383
2085,23.88728069571371,56.251432
2086,23.934119443825846,56.265298
2087,23.980958191937987,56.272262
2088,24.027796940050127,56.279021
2089,24.074635688162264,56.311028
2090,24.098055062218336,56.317396
2091,24.121474436274404,56.32375
2092,24.65656364566312,56.329758
2093,25.191652855051835,56.351791
2094,26.26183127382927,56.386381
2095,27.3320096926067,56.392222
2096,27.049935134873987,56.398124
2097,26.767860577141278,56.422952
2098,26.485786019408565,56.429629
2099,26.203711461675855,56.453668
2100,25.921636903943142,56.4814
2101,25.77625129274154,56.488143
2102,25.63086568153994,56.494262
2103,25.48548007033834,56.518509
2104,25.340094459136736,56.525241
2105,25.194708847935136,56.532296
2106,25.049323236733535,56.546105
2107,24.723196676851,56.553062
2108,24.560133396909734,56.566942
2109,24.397070116968465,56.573749
2110,24.070943557085933,56.587808
2111,23.744816997203397,56.594519
2112,23.418690437320862,56.607518
2113,23.092563877438327,56.619726
2114,23.509827156317407,56.625881
2115,23.927090435196483,56.632151
2116,24.34435371407556,56.672101
2117,24.76161699295464,56.696668
2118,24.638368009965838,56.715351
2119,24.607555764218638,56.721569
2120,24.57674351847144,56.734063
2121,24.545931272724236,56.743738
2122,24.515119026977036,56.750653
2123,24.484306781229837,56.757754
2124,24.453494535482633,56.764304
2125,24.422682289735434,56.798337
2126,24.391870043988234,56.805191
2127,24.603036972303588,56.819415
2128,24.814203900618942,56.826478
2129,25.23653775724965,56.832362
2130,25.658871613880358,56.838218
2131,25.441257699137825,56.850935
2132,25.22364378439529,56.857516
2133,25.006029869652757,56.885047
2134,24.78841595491022,56.897701
2135,24.57080204016769,56.918733
2136,24.445752670055597,56.939365
2137,24.320703299943506,56.94922
2138,24.195653929831415,56.956175
2139,24.070604559719325,56.962998
2140,23.945555189607234,56.975837
2141,23.820505819495143,56.987994
2142,23.894484896019193,56.994303
2143,23.968463972543248,57.000459
2144,24.042443049067302,57.006367
2145,24.07943258732933,57.012844
2146,24.116422125591352,57.040546
2147,24.190401202115403,57.058075
2148,24.22739074037743,57.065227
2149,24.264380278639457,57.07212
2150,24.237853205939263,57.086196
2151,24.211326133239073,57.092918
2152,24.18479906053888,57.098853
2153,24.15827198783869,57.105269
2154,24.145008451488593,57.111466
2155,24.131744915138494,57.124035
2156,24.105217842438304,57.130126
2157,24.091954306088205,57.150812
2158,24.07869076973811,57.15777
2159,24.130384733180733,57.172303
2160,24.147616054328275,57.178953
2161,24.164847375475812,57.199715
2162,24.182078696623353,57.206604
2163,24.233772660065977,57.213445
2164,24.683327913414338,57.220607
2165,25.132883166762696,57.227389
2166,25.282734917878816,57.234563
2167,25.432586668994936,57.25753
2168,25.582438420111057,57.296401
2169,25.466650025318405,57.330638
2170,25.35086163052575,57.354513
2171,25.235073235733097,57.368343
2172,25.285281848128573,57.389006
2173,25.335490460524053,57.39582
2174,25.38569907291953,57.402768
2175,25.435907685315005,57.409439
2176,25.486116297710485,57.429025
2177,25.53632491010596,57.441612
2178,25.411322243491952,57.457018
2179,25.348820910184948,57.46304
2180,25.286319576877943,57.475532
2181,25.161316910263935,57.481653
2182,25.036314243649926,57.487849
2183,24.911311577035917,57.501231
2184,24.78630891042191,57.514125
2185,24.671162408221914,57.520375
2186,24.55601590602192,57.526694
2187,24.44086940382192,57.533066
2188,24.325722901621926,57.53992
2189,24.21057639942193,57.569046
2190,24.153003148321936,57.600239
2191,24.095429897221937,57.624946
2192,23.893003342120984,57.649736
2193,23.690576787020028,57.65894
2194,23.28572367681812,57.665062
2195,23.347385158887,57.671154
2196,23.40904664095588,57.703711
2197,23.439877381990318,57.710557
2198,23.470708123024757,57.736691
2199,23.53236960509364,57.748895
2200,23.533317080654783,57.791886
2201,23.534264556215927,57.79789
2202,23.535212031777075,57.804154
2203,23.53615950733822,57.810564
2204,23.537106982899363,57.81662
2205,23.647351162333738,57.822839
2206,23.757595341768113,57.829079
2207,23.867839521202484,57.848065
2208,23.97808370063686,57.854813
2209,24.033205790354046,57.863665
2210,24.088327880071233,57.870131
2211,24.198572059505608,57.8884
2212,24.326645799827567,57.894656
2213,24.45471954014953,57.907224
2214,24.540102033697504,57.919684
2215,24.625484527245476,57.926213
2216,24.71086702079345,57.947087
2217,24.96701450143737,57.953879
2218,25.22316198208129,57.960794
2219,25.47930946272521,57.975418
2220,25.299151930111943,57.981346
2221,25.118994397498675,57.988136
2222,24.938836864885406,58.001839
2223,24.75867933227214,58.007886
2224,24.578521799658873,58.014099
2225,24.398364267045604,58.0266
2226,24.218206734432336,58.039316
2227,24.065780774983693,58.045382
2228,23.913354815535055,58.058644
2229,23.760928856086412,58.068353
2230,23.608502896637773,58.106526
2231,23.45607693718913,58.119096
2232,23.752094564679947,58.143899
2233,24.048112192170763,58.150106
2234,24.344129819661575,58.170841
2235,24.64014744715239,58.190396
2236,24.71850975776545,58.20421
2237,24.757690913071976,58.211226
2238,24.796872068378505,58.224994
2239,24.875234378991564,58.231895
2240,24.95359668960462,58.25027
2241,25.03195900021768,58.262921
2242,25.109980516579313,58.278023
2243,25.188002032940947,58.284037
2244,25.26602354930258,58.308773
2245,25.34404506566422,58.314926
2246,25.422066582025852,58.321227
2247,25.500088098387486,58.345968
2248,25.66801721435575,58.386156
2249,25.83594633032401,58.398173
2250,26.00387544629227,58.410785
2251,26.171804562260533,58.429462
2252,26.087807744456104,58.441813
2253,26.003810926651678,58.454081
2254,25.91981410884725,58.460431
2255,25.835817291042822,58.466639
2256,25.807818351774678,58.485887
2257,25.779819412506537,58.493034
2258,25.751820473238393,58.499843
2259,25.477055509560632,58.513861
2260,25.20229054588287,58.520538
2261,24.92752558220511,58.527699
2262,24.65276061852735,58.541596
2263,24.377995654849588,58.548798
2264,24.103230691171827,58.555551
2265,23.828465727494066,58.568519
2266,24.139238647751064,58.589304
2267,24.45001156800806,58.595533
2268,24.760784488265053,58.626289
2269,25.07155740852205,58.638594
2270,25.31247334466205,58.65741
2271,25.55338928080205,58.663277
2272,25.79430521694205,58.685517
2273,25.91476318501205,58.692756
2274,26.03522115308205,58.732555
2275,25.974396868126707,58.752011
2276,25.913572583171366,58.758324
2277,25.873023059867805,58.785906
2278,25.832473536564247,58.79205
2279,25.791924013260687,58.79838
2280,25.871818210135146,58.816923
2281,25.95171240700961,58.823193
2282,26.031606603884068,58.83578
2283,26.271289194507446,58.862144
2284,26.510971785130828,58.872273
2285,26.47934948867033,58.879281
2286,26.447727192209836,58.88491
2287,26.41610489574934,58.916296
2288,26.38448259928884,58.922501
2289,26.352860302828347,58.934725
2290,26.32123800636785,58.946919
2291,26.40875931108109,58.952782
2292,26.43793307931884,58.959041
2293,26.467106847556586,58.965371
2294,26.496280615794333,58.974097
2295,26.583801920507575,58.99289
2296,26.627562572864196,59.037693
2297,26.671323225220817,59.043908
2298,26.30122559044673,59.050241
2299,25.931127955672643,59.056213
2300,25.56103032089856,59.063385
2301,25.190932686124473,59.077048
2302,24.820835051350386,59.083669
2303,24.4507374165763,59.103296
2304,23.712853418901897,59.109353
2305,22.974969421227495,59.121775
2306,22.237085423553097,59.12773
2307,21.499201425878695,59.133788
2308,20.761317428204293,59.140536
2309,20.02343343052989,59.146771
2310,19.28554943285549,59.16549
2311,19.28554943285549,59.196121
2312,19.28554943285549,59.202278
2313,19.28554943285549,59.208328
2314,19.28554943285549,59.23911
2315,19.28554943285549,59.264193
2316,19.28554943285549,59.2702
2317,19.28554943285549,59.279596
2318,19.28554943285549,59.2919
2319,19.28554943285549,59.304427
2320,19.28554943285549,59.322858
2321,19.28554943285549,59.328907
2322,19.28554943285549,59.335062
2323,19.28554943285549,59.341428
2324,19.28554943285549,59.347502
2325,19.28554943285549,59.35363
2326,19.28554943285549,59.359501
2327,19.28554943285549,59.36576
2328,19.28554943285549,59.371961
2329,19.28554943285549,59.40309
2330,19.28554943285549,59.415655
2331,19.28554943285549,59.440832
2332,19.28554943285549,59.465708
2333,19.28554943285549,59.481291
2334,19.28554943285549,59.487087
2335,19.28554943285549,59.493759
2336,19.28554943285549,59.500772
2337,19.28554943285549,59.534253
2338,19.28554943285549,59.54072
2339,19.28554943285549,59.546853
2340,19.28554943285549,59.56659
2341,19.28554943285549,59.583692
2342,19.28554943285549,59.590722
2343,19.28554943285549,59.597141
2344,19.28554943285549,59.631725
2345,19.28554943285549,59.638538
2346,19.28554943285549,59.645485
2347,19.28554943285549,59.658854
2348,19.28554943285549,59.672763
2349,19.28554943285549,59.686704
2350,19.28554943285549,59.693967
2351,19.28554943285549,59.707777
2352,19.28554943285549,59.714825
2353,19.28554943285549,59.727289
2354,19.28554943285549,59.745942
2355,19.28554943285549,59.752331
2356,19.28554943285549,59.758771
2357,19.28554943285549,59.771194
2358,19.28554943285549,59.777545
2359,19.28554943285549,59.805984
2360,19.28554943285549,59.81215
2361,19.28554943285549,59.818397
2362,19.28554943285549,59.843647
2363,19.28554943285549,59.864636
2364,19.28554943285549,59.876795
2365,19.28554943285549,59.883132
2366,19.28554943285549,59.898718
2367,19.28554943285549,59.91106
2368,19.28554943285549,59.917226
2369,19.28554943285549,59.948155
2370,19.28554943285549,59.960217
2371,19.28554943285549,59.966683
2372,19.28554943285549,59.988146
